107 1504083224 7,000000 -1,000000 -101,000000 0,000000 0,000000
107 1504083225 7,000000 -1,000000 -101,000000 0,000000 0,000000
107 1504083226 7,000000 -1,000000 -101,000000 0,000000 0,000000
107 1504083227 7,000000 -1,000000 -101,000000 0,000000 0,000000
107 1504083228 7,000000 -1,000000 -101,000000 0,000000 0,000000
107 1504083229 7,600000 -1,000000 -101,000000 0,000000 0,000000
107 1504083230 7,600000 -1,000000 -101,000000 0,000000 0,000000
107 1504083231 7,600000 -1,000000 -101,000000 0,000000 0,000000
107 1504083232 7,600000 -1,000000 -101,000000 0,000000 0,000000
107 1504083233 7,600000 -1,000000 -101,000000 0,000000 0,000000
107 1504083234 9,600000 -1,000000 -101,000000 0,000000 0,000000
107 1504083235 9,600000 -1,000000 -101,000000 0,000000 0,000000
107 1504083236 9,600000 -1,000000 -101,000000 0,000000 0,000000
107 1504083237 9,600000 -1,000000 -101,000000 0,000000 0,000000
107 1504083238 9,600000 -1,000000 -101,000000 0,000000 0,000000
107 1504083239 12,800000 -1,000000 -101,000000 0,000000 0,000000
107 1504083240 12,800000 -1,000000 -101,000000 0,000000 0,000000
107 1504083241 12,800000 -1,000000 -101,000000 0,000000 0,000000
107 1504083242 12,800000 -1,000000 -101,000000 0,000000 0,000000
107 1504083243 12,800000 -1,000000 -101,000000 0,000000 0,000000
107 1504083244 13,200000 -1,000000 -101,000000 0,000000 0,000000
107 1504083245 13,200000 -1,000000 -101,000000 0,000000 0,000000
107 1504083246 13,200000 -1,000000 -101,000000 0,000000 0,000000
107 1504083247 13,200000 -1,000000 -101,000000 0,000000 0,000000
107 1504083248 13,200000 -1,000000 -101,000000 0,000000 0,000000
107 1504083249 16,200000 -1,000000 -101,000000 0,000000 0,000000
107 1504083250 16,200000 -1,000000 -101,000000 0,000000 0,000000
107 1504083251 16,200000 -1,000000 -101,000000 0,000000 0,000000
107 1504083252 16,200000 -1,000000 -101,000000 0,000000 0,000000
107 1504083253 16,200000 -1,000000 -101,000000 0,000000 0,000000
107 1504083254 16,400000 -1,000000 -101,000000 0,000000 0,000000
107 1504083255 16,400000 -1,000000 -101,000000 0,000000 0,000000
107 1504083256 16,400000 -1,000000 -101,000000 0,000000 0,000000
107 1504083257 16,400000 -1,000000 -101,000000 0,000000 0,000000
107 1504083258 16,400000 -1,000000 -101,000000 0,000000 0,000000
107 1504083259 17,600000 -1,000000 -101,000000 0,000000 0,000000
107 1504083260 17,600000 -1,000000 -101,000000 0,000000 0,000000
107 1504083261 17,600000 -1,000000 -101,000000 0,000000 0,000000
107 1504083262 17,600000 -1,000000 -101,000000 0,000000 0,000000
107 1504083263 17,600000 -1,000000 -101,000000 0,000000 0,000000
107 1504083264 16,600000 -1,000000 -101,000000 0,000000 0,000000
107 1504083265 16,600000 -1,000000 -101,000000 0,000000 0,000000
107 1504083266 16,600000 -1,000000 -101,000000 0,000000 0,000000
107 1504083267 16,600000 -1,000000 -101,000000 0,000000 0,000000
107 1504083268 16,600000 -1,000000 -101,000000 0,000000 0,000000
107 1504083269 17,000000 -1,000000 -101,000000 0,000000 0,000000
107 1504083270 17,000000 -1,000000 -101,000000 0,000000 0,000000
107 1504083271 17,000000 -1,000000 -101,000000 0,000000 0,000000
107 1504083272 17,000000 -1,000000 -101,000000 0,000000 0,000000
107 1504083273 17,000000 -1,000000 -101,000000 0,000000 0,000000
107 1504083274 17,400000 -1,000000 -101,000000 0,000000 0,000000
107 1504083275 17,400000 -1,000000 -101,000000 0,000000 0,000000
107 1504083276 17,400000 -1,000000 -101,000000 0,000000 0,000000
107 1504083277 17,400000 -1,000000 -101,000000 0,000000 0,000000
107 1504083278 17,400000 -1,000000 -101,000000 0,000000 0,000000
107 1504083279 16,800000 -1,000000 -101,000000 0,000000 0,000000
107 1504083280 16,800000 -1,000000 -101,000000 0,000000 0,000000
107 1504083281 16,800000 -1,000000 -101,000000 0,000000 0,000000
107 1504083282 16,800000 -1,000000 -101,000000 0,000000 0,000000
107 1504083283 16,800000 -1,000000 -101,000000 0,000000 0,000000
107 1504083284 17,000000 -1,000000 -101,000000 0,000000 0,000000
107 1504083285 17,000000 -1,000000 -101,000000 0,000000 0,000000
107 1504083286 17,000000 -1,000000 -101,000000 0,000000 0,000000
107 1504083287 17,000000 -1,000000 -101,000000 0,000000 0,000000
107 1504083288 17,000000 -1,000000 -101,000000 0,000000 0,000000
107 1504083289 17,200000 -1,000000 -101,000000 0,000000 0,000000
107 1504083290 17,200000 -1,000000 -101,000000 0,000000 0,000000
107 1504083291 17,200000 -1,000000 -101,000000 0,000000 0,000000
107 1504083292 17,200000 -1,000000 -101,000000 0,000000 0,000000
107 1504083293 17,200000 -1,000000 -101,000000 0,000000 0,000000
107 1504083294 15,800000 -1,000000 -101,000000 0,000000 0,000000
107 1504083295 15,800000 -1,000000 -101,000000 0,000000 0,000000
107 1504083296 15,800000 -1,000000 -101,000000 0,000000 0,000000
107 1504083297 15,800000 -1,000000 -101,000000 0,000000 0,000000
107 1504083298 15,800000 -1,000000 -101,000000 0,000000 0,000000
107 1504083299 15,400000 -1,000000 -101,000000 0,000000 0,000000
107 1504083300 15,400000 -1,000000 -101,000000 0,000000 0,000000
107 1504083301 15,400000 -1,000000 -101,000000 0,000000 0,000000
107 1504083302 15,400000 -1,000000 -101,000000 0,000000 0,000000
107 1504083303 15,400000 -1,000000 -101,000000 0,000000 0,000000
107 1504083304 15,600000 -1,000000 -101,000000 0,000000 0,000000
107 1504083305 15,600000 -1,000000 -101,000000 0,000000 0,000000
107 1504083306 15,600000 -1,000000 -101,000000 0,000000 0,000000
107 1504083307 15,600000 -1,000000 -101,000000 0,000000 0,000000
107 1504083308 15,600000 -1,000000 -101,000000 0,000000 0,000000
107 1504083309 16,200000 -1,000000 -101,000000 0,000000 0,000000
107 1504083310 16,200000 -1,000000 -101,000000 0,000000 0,000000
107 1504083311 16,200000 -1,000000 -101,000000 0,000000 0,000000
107 1504083312 16,200000 -1,000000 -101,000000 0,000000 0,000000
107 1504083313 16,200000 -1,000000 -101,000000 0,000000 0,000000
107 1504083314 16,200000 -1,000000 -101,000000 0,000000 0,000000
107 1504083315 16,200000 -1,000000 -101,000000 0,000000 0,000000
107 1504083316 16,200000 -1,000000 -101,000000 0,000000 0,000000
107 1504083317 16,200000 -1,000000 -101,000000 0,000000 0,000000
107 1504083318 16,200000 -1,000000 -101,000000 0,000000 0,000000
107 1504083319 17,000000 -1,000000 -101,000000 0,000000 0,000000
107 1504083320 17,000000 -1,000000 -101,000000 0,000000 0,000000
107 1504083321 17,000000 -1,000000 -101,000000 0,000000 0,000000
107 1504083322 17,000000 -1,000000 -101,000000 0,000000 0,000000
107 1504083323 17,000000 -1,000000 -101,000000 0,000000 0,000000
107 1504083324 15,800000 -1,000000 -101,000000 0,000000 0,000000
107 1504083325 15,800000 -1,000000 -101,000000 0,000000 0,000000
107 1504083326 15,800000 -1,000000 -101,000000 0,000000 0,000000
107 1504083327 15,800000 -1,000000 -101,000000 0,000000 0,000000
107 1504083328 15,800000 -1,000000 -101,000000 0,000000 0,000000
107 1504083329 4,400000 -1,000000 -101,000000 0,000000 0,000000
107 1504083330 4,400000 -1,000000 -101,000000 0,000000 0,000000
107 1504083331 4,400000 -1,000000 -101,000000 0,000000 0,000000
107 1504083332 4,400000 -1,000000 -101,000000 0,000000 0,000000
107 1504083333 4,400000 -1,000000 -101,000000 0,000000 0,000000
107 1504083334 3,000000 -1,000000 -101,000000 0,000000 0,000000
107 1504083335 3,000000 -1,000000 -101,000000 0,000000 0,000000
107 1504083336 3,000000 -1,000000 -101,000000 0,000000 0,000000
107 1504083337 3,000000 -1,000000 -101,000000 0,000000 0,000000
107 1504083338 3,000000 -1,000000 -101,000000 0,000000 0,000000
107 1504083339 16,200000 -1,000000 -101,000000 0,000000 0,000000
107 1504083340 16,200000 -1,000000 -101,000000 0,000000 0,000000
107 1504083341 16,200000 -1,000000 -101,000000 0,000000 0,000000
107 1504083342 16,200000 -1,000000 -101,000000 0,000000 0,000000
107 1504083343 16,200000 -1,000000 -101,000000 0,000000 0,000000
107 1504083344 15,800000 -1,000000 -101,000000 0,000000 0,000000
107 1504083345 15,800000 -1,000000 -101,000000 0,000000 0,000000
107 1504083346 15,800000 -1,000000 -101,000000 0,000000 0,000000
107 1504083347 15,800000 -1,000000 -101,000000 0,000000 0,000000
107 1504083348 15,800000 -1,000000 -101,000000 0,000000 0,000000
107 1504083349 16,600000 -1,000000 -101,000000 0,000000 0,000000
107 1504083350 16,600000 -1,000000 -101,000000 0,000000 0,000000
107 1504083351 16,600000 -1,000000 -101,000000 0,000000 0,000000
107 1504083352 16,600000 -1,000000 -101,000000 0,000000 0,000000
107 1504083353 16,600000 -1,000000 -101,000000 0,000000 0,000000
107 1504083354 14,600000 -1,000000 -101,000000 0,000000 0,000000
107 1504083355 14,600000 -1,000000 -101,000000 0,000000 0,000000
107 1504083356 14,600000 -1,000000 -101,000000 0,000000 0,000000
107 1504083357 14,600000 -1,000000 -101,000000 0,000000 0,000000
107 1504083358 14,600000 -1,000000 -101,000000 0,000000 0,000000
107 1504083359 17,800000 -1,000000 -101,000000 0,000000 0,000000
107 1504083360 17,800000 -1,000000 -101,000000 0,000000 0,000000
107 1504083361 17,800000 -1,000000 -101,000000 0,000000 0,000000
107 1504083362 17,800000 -1,000000 -101,000000 0,000000 0,000000
107 1504083363 17,800000 -1,000000 -101,000000 0,000000 0,000000
107 1504083364 16,000000 -1,000000 -101,000000 0,000000 0,000000
107 1504083365 16,000000 -1,000000 -101,000000 0,000000 0,000000
107 1504083366 16,000000 -1,000000 -101,000000 0,000000 0,000000
107 1504083367 16,000000 -1,000000 -101,000000 0,000000 0,000000
107 1504083368 16,000000 -1,000000 -101,000000 0,000000 0,000000
107 1504083369 16,400000 -1,000000 -101,000000 0,000000 0,000000
107 1504083370 16,400000 -1,000000 -101,000000 0,000000 0,000000
107 1504083371 16,400000 -1,000000 -101,000000 0,000000 0,000000
107 1504083372 16,400000 -1,000000 -101,000000 0,000000 0,000000
107 1504083373 16,400000 -1,000000 -101,000000 0,000000 0,000000
107 1504083374 16,600000 -1,000000 -101,000000 0,000000 0,000000
107 1504083375 16,600000 -1,000000 -101,000000 0,000000 0,000000
107 1504083376 16,600000 -1,000000 -101,000000 0,000000 0,000000
107 1504083377 16,600000 -1,000000 -101,000000 0,000000 0,000000
107 1504083378 16,600000 -1,000000 -101,000000 0,000000 0,000000
107 1504083379 16,000000 -1,000000 -101,000000 0,000000 0,000000
107 1504083380 16,000000 -1,000000 -101,000000 0,000000 0,000000
107 1504083381 16,000000 -1,000000 -101,000000 0,000000 0,000000
107 1504083382 16,000000 -1,000000 -101,000000 0,000000 0,000000
107 1504083383 16,000000 -1,000000 -101,000000 0,000000 0,000000
107 1504083384 17,000000 -1,000000 -101,000000 0,000000 0,000000
107 1504083385 17,000000 -1,000000 -101,000000 0,000000 0,000000
107 1504083386 17,000000 -1,000000 -101,000000 0,000000 0,000000
107 1504083387 17,000000 -1,000000 -101,000000 0,000000 0,000000
107 1504083388 17,000000 -1,000000 -101,000000 0,000000 0,000000
107 1504083389 16,400000 -1,000000 -101,000000 0,000000 0,000000
107 1504083390 16,400000 -1,000000 -101,000000 0,000000 0,000000
107 1504083391 16,400000 -1,000000 -101,000000 0,000000 0,000000
107 1504083392 16,400000 -1,000000 -101,000000 0,000000 0,000000
107 1504083393 16,400000 -1,000000 -101,000000 0,000000 0,000000
107 1504083394 16,200000 -1,000000 -101,000000 0,000000 0,000000
107 1504083395 16,200000 -1,000000 -101,000000 0,000000 0,000000
107 1504083396 16,200000 -1,000000 -101,000000 0,000000 0,000000
107 1504083397 16,200000 -1,000000 -101,000000 0,000000 0,000000
107 1504083398 16,200000 -1,000000 -101,000000 0,000000 0,000000
107 1504083399 16,000000 -1,000000 -101,000000 0,000000 0,000000
107 1504083400 16,000000 -1,000000 -101,000000 0,000000 0,000000
107 1504083401 16,000000 -1,000000 -101,000000 0,000000 0,000000
107 1504083402 16,000000 -1,000000 -101,000000 0,000000 0,000000
107 1504083403 16,000000 -1,000000 -101,000000 0,000000 0,000000
107 1504083404 16,400000 -1,000000 -101,000000 0,000000 0,000000
107 1504083405 16,400000 -1,000000 -101,000000 0,000000 0,000000
107 1504083406 16,400000 -1,000000 -101,000000 0,000000 0,000000
107 1504083407 16,400000 -1,000000 -101,000000 0,000000 0,000000
107 1504083408 16,400000 -1,000000 -101,000000 0,000000 0,000000
107 1504083409 15,800000 -1,000000 -101,000000 0,000000 0,000000
107 1504083410 15,800000 -1,000000 -101,000000 0,000000 0,000000
107 1504083411 15,800000 -1,000000 -101,000000 0,000000 0,000000
107 1504083412 15,800000 -1,000000 -101,000000 0,000000 0,000000
107 1504083413 15,800000 -1,000000 -101,000000 0,000000 0,000000
107 1504083414 16,400000 -1,000000 -101,000000 0,000000 0,000000
107 1504083415 16,400000 -1,000000 -101,000000 0,000000 0,000000
107 1504083416 16,400000 -1,000000 -101,000000 0,000000 0,000000
107 1504083417 16,400000 -1,000000 -101,000000 0,000000 0,000000
107 1504083418 16,400000 -1,000000 -101,000000 0,000000 0,000000
107 1504083419 17,400000 -1,000000 -101,000000 0,000000 0,000000
107 1504083420 17,400000 -1,000000 -101,000000 0,000000 0,000000
107 1504083421 17,400000 -1,000000 -101,000000 0,000000 0,000000
107 1504083422 17,400000 -1,000000 -101,000000 0,000000 0,000000
107 1504083423 17,400000 -1,000000 -101,000000 0,000000 0,000000
107 1504083424 15,800000 -1,000000 -101,000000 0,000000 0,000000
107 1504083425 15,800000 -1,000000 -101,000000 0,000000 0,000000
107 1504083426 15,800000 -1,000000 -101,000000 0,000000 0,000000
107 1504083427 15,800000 -1,000000 -101,000000 0,000000 0,000000
107 1504083428 15,800000 -1,000000 -101,000000 0,000000 0,000000
107 1504083429 15,800000 -1,000000 -101,000000 0,000000 0,000000
107 1504083430 15,800000 -1,000000 -101,000000 0,000000 0,000000
107 1504083431 15,800000 -1,000000 -101,000000 0,000000 0,000000
107 1504083432 15,800000 -1,000000 -101,000000 0,000000 0,000000
107 1504083433 15,800000 -1,000000 -101,000000 0,000000 0,000000
107 1504083434 16,000000 -1,000000 -101,000000 0,000000 0,000000
107 1504083435 16,000000 -1,000000 -101,000000 0,000000 0,000000
107 1504083436 16,000000 -1,000000 -101,000000 0,000000 0,000000
107 1504083437 16,000000 -1,000000 -101,000000 0,000000 0,000000
107 1504083438 16,000000 -1,000000 -101,000000 0,000000 0,000000
107 1504083439 16,800000 -1,000000 -101,000000 0,000000 0,000000
107 1504083440 16,800000 -1,000000 -101,000000 0,000000 0,000000
107 1504083441 16,800000 -1,000000 -101,000000 0,000000 0,000000
107 1504083442 16,800000 -1,000000 -101,000000 0,000000 0,000000
107 1504083443 16,800000 -1,000000 -101,000000 0,000000 0,000000
107 1504083444 15,800000 -1,000000 -101,000000 0,000000 0,000000
107 1504083445 15,800000 -1,000000 -101,000000 0,000000 0,000000
107 1504083446 15,800000 -1,000000 -101,000000 0,000000 0,000000
107 1504083447 15,800000 -1,000000 -101,000000 0,000000 0,000000
107 1504083448 15,800000 -1,000000 -101,000000 0,000000 0,000000
107 1504083449 16,000000 -1,000000 -101,000000 0,000000 0,000000
107 1504083450 16,000000 -1,000000 -101,000000 0,000000 0,000000
107 1504083451 16,000000 -1,000000 -101,000000 0,000000 0,000000
107 1504083452 16,000000 -1,000000 -101,000000 0,000000 0,000000
107 1504083453 16,000000 -1,000000 -101,000000 0,000000 0,000000
107 1504083454 16,200000 -1,000000 -101,000000 0,000000 0,000000
107 1504083455 16,200000 -1,000000 -101,000000 0,000000 0,000000
107 1504083456 16,200000 -1,000000 -101,000000 0,000000 0,000000
107 1504083457 16,200000 -1,000000 -101,000000 0,000000 0,000000
107 1504083458 16,200000 -1,000000 -101,000000 0,000000 0,000000
107 1504083459 14,000000 -1,000000 -101,000000 0,000000 0,000000
107 1504083460 14,000000 -1,000000 -101,000000 0,000000 0,000000
107 1504083461 14,000000 -1,000000 -101,000000 0,000000 0,000000
107 1504083462 14,000000 -1,000000 -101,000000 0,000000 0,000000
107 1504083463 14,000000 -1,000000 -101,000000 0,000000 0,000000
107 1504083464 17,400000 -1,000000 -101,000000 0,000000 0,000000
107 1504083465 17,400000 -1,000000 -101,000000 0,000000 0,000000
107 1504083466 17,400000 -1,000000 -101,000000 0,000000 0,000000
107 1504083467 17,400000 -1,000000 -101,000000 0,000000 0,000000
107 1504083468 17,400000 -1,000000 -101,000000 0,000000 0,000000
107 1504083469 14,200000 -1,000000 -101,000000 0,000000 0,000000
107 1504083470 14,200000 -1,000000 -101,000000 0,000000 0,000000
107 1504083471 14,200000 -1,000000 -101,000000 0,000000 0,000000
107 1504083472 14,200000 -1,000000 -101,000000 0,000000 0,000000
107 1504083473 14,200000 -1,000000 -101,000000 0,000000 0,000000
107 1504083474 15,400000 -1,000000 -101,000000 0,000000 0,000000
107 1504083475 15,400000 -1,000000 -101,000000 0,000000 0,000000
107 1504083476 15,400000 -1,000000 -101,000000 0,000000 0,000000
107 1504083477 15,400000 -1,000000 -101,000000 0,000000 0,000000
107 1504083478 15,400000 -1,000000 -101,000000 0,000000 0,000000
107 1504083479 17,000000 -1,000000 -101,000000 0,000000 0,000000
107 1504083480 17,000000 -1,000000 -101,000000 0,000000 0,000000
107 1504083481 17,000000 -1,000000 -101,000000 0,000000 0,000000
107 1504083482 17,000000 -1,000000 -101,000000 0,000000 0,000000
107 1504083483 17,000000 -1,000000 -101,000000 0,000000 0,000000
107 1504083484 14,000000 -1,000000 -101,000000 0,000000 0,000000
107 1504083485 14,000000 -1,000000 -101,000000 0,000000 0,000000
107 1504083486 14,000000 -1,000000 -101,000000 0,000000 0,000000
107 1504083487 14,000000 -1,000000 -101,000000 0,000000 0,000000
107 1504083488 14,000000 -1,000000 -101,000000 0,000000 0,000000
107 1504083489 14,400000 -1,000000 -101,000000 0,000000 0,000000
107 1504083490 14,400000 -1,000000 -101,000000 0,000000 0,000000
107 1504083491 14,400000 -1,000000 -101,000000 0,000000 0,000000
107 1504083492 14,400000 -1,000000 -101,000000 0,000000 0,000000
107 1504083493 14,400000 -1,000000 -101,000000 0,000000 0,000000
107 1504083494 16,200000 -1,000000 -101,000000 0,000000 0,000000
107 1504083495 16,200000 -1,000000 -101,000000 0,000000 0,000000
107 1504083496 16,200000 -1,000000 -101,000000 0,000000 0,000000
107 1504083497 16,200000 -1,000000 -101,000000 0,000000 0,000000
107 1504083498 16,200000 -1,000000 -101,000000 0,000000 0,000000
107 1504083499 15,400000 -1,000000 -101,000000 0,000000 0,000000
107 1504083500 15,400000 -1,000000 -101,000000 0,000000 0,000000
107 1504083501 15,400000 -1,000000 -101,000000 0,000000 0,000000
107 1504083502 15,400000 -1,000000 -101,000000 0,000000 0,000000
107 1504083503 15,400000 -1,000000 -101,000000 0,000000 0,000000
107 1504083504 15,600000 -1,000000 -101,000000 0,000000 0,000000
107 1504083505 15,600000 -1,000000 -101,000000 0,000000 0,000000
107 1504083506 15,600000 -1,000000 -101,000000 0,000000 0,000000
107 1504083507 15,600000 -1,000000 -101,000000 0,000000 0,000000
107 1504083508 15,600000 -1,000000 -101,000000 0,000000 0,000000
107 1504083509 15,200000 -1,000000 -101,000000 0,000000 0,000000
107 1504083510 15,200000 -1,000000 -101,000000 0,000000 0,000000
107 1504083511 15,200000 -1,000000 -101,000000 0,000000 0,000000
107 1504083512 15,200000 -1,000000 -101,000000 0,000000 0,000000
107 1504083513 15,200000 -1,000000 -101,000000 0,000000 0,000000
107 1504083514 15,400000 -1,000000 -101,000000 0,000000 0,000000
107 1504083515 15,400000 -1,000000 -101,000000 0,000000 0,000000
107 1504083516 15,400000 -1,000000 -101,000000 0,000000 0,000000
107 1504083517 15,400000 -1,000000 -101,000000 0,000000 0,000000
107 1504083518 15,400000 -1,000000 -101,000000 0,000000 0,000000
107 1504083519 15,200000 -1,000000 -101,000000 0,000000 0,000000
107 1504083520 15,200000 -1,000000 -101,000000 0,000000 0,000000
107 1504083521 15,200000 -1,000000 -101,000000 0,000000 0,000000
107 1504083522 15,200000 -1,000000 -101,000000 0,000000 0,000000
107 1504083523 15,200000 -1,000000 -101,000000 0,000000 0,000000
107 1504083524 14,800000 -1,000000 -101,000000 0,000000 0,000000
107 1504083525 14,800000 -1,000000 -101,000000 0,000000 0,000000
107 1504083526 14,800000 -1,000000 -101,000000 0,000000 0,000000
107 1504083527 14,800000 -1,000000 -101,000000 0,000000 0,000000
107 1504083528 14,800000 -1,000000 -101,000000 0,000000 0,000000
107 1504083529 16,400000 -1,000000 -101,000000 0,000000 0,000000
107 1504083530 16,400000 -1,000000 -101,000000 0,000000 0,000000
107 1504083531 16,400000 -1,000000 -101,000000 0,000000 0,000000
107 1504083532 16,400000 -1,000000 -101,000000 0,000000 0,000000
107 1504083533 16,400000 -1,000000 -101,000000 0,000000 0,000000
107 1504083534 15,600000 -1,000000 -101,000000 0,000000 0,000000
107 1504083535 15,600000 -1,000000 -101,000000 0,000000 0,000000
107 1504083536 15,600000 -1,000000 -101,000000 0,000000 0,000000
107 1504083537 15,600000 -1,000000 -101,000000 0,000000 0,000000
107 1504083538 15,600000 -1,000000 -101,000000 0,000000 0,000000
107 1504083539 15,200000 -1,000000 -101,000000 0,000000 0,000000
107 1504083540 15,200000 -1,000000 -101,000000 0,000000 0,000000
107 1504083541 15,200000 -1,000000 -101,000000 0,000000 0,000000
107 1504083542 15,200000 -1,000000 -101,000000 0,000000 0,000000
107 1504083543 15,200000 -1,000000 -101,000000 0,000000 0,000000
107 1504083544 13,600000 -1,000000 -101,000000 0,000000 0,000000
107 1504083545 13,600000 -1,000000 -101,000000 0,000000 0,000000
107 1504083546 13,600000 -1,000000 -101,000000 0,000000 0,000000
107 1504083547 13,600000 -1,000000 -101,000000 0,000000 0,000000
107 1504083548 13,600000 -1,000000 -101,000000 0,000000 0,000000
107 1504083549 15,400000 -1,000000 -101,000000 0,000000 0,000000
107 1504083550 15,400000 -1,000000 -101,000000 0,000000 0,000000
107 1504083551 15,400000 -1,000000 -101,000000 0,000000 0,000000
107 1504083552 15,400000 -1,000000 -101,000000 0,000000 0,000000
107 1504083553 15,400000 -1,000000 -101,000000 0,000000 0,000000
107 1504083554 15,400000 -1,000000 -101,000000 0,000000 0,000000
107 1504083555 15,400000 -1,000000 -101,000000 0,000000 0,000000
107 1504083556 15,400000 -1,000000 -101,000000 0,000000 0,000000
107 1504083557 15,400000 -1,000000 -101,000000 0,000000 0,000000
107 1504083558 15,400000 -1,000000 -101,000000 0,000000 0,000000
107 1504083559 15,600000 -1,000000 -101,000000 0,000000 0,000000
107 1504083560 15,600000 -1,000000 -101,000000 0,000000 0,000000
107 1504083561 15,600000 -1,000000 -101,000000 0,000000 0,000000
107 1504083562 15,600000 -1,000000 -101,000000 0,000000 0,000000
107 1504083563 15,600000 -1,000000 -101,000000 0,000000 0,000000
107 1504083564 10,000000 -1,000000 -101,000000 0,000000 0,000000
107 1504083565 10,000000 -1,000000 -101,000000 0,000000 0,000000
107 1504083566 10,000000 -1,000000 -101,000000 0,000000 0,000000
107 1504083567 10,000000 -1,000000 -101,000000 0,000000 0,000000
107 1504083568 10,000000 -1,000000 -101,000000 0,000000 0,000000
107 1504083569 4,600000 -1,000000 -101,000000 0,000000 0,000000
107 1504083570 4,600000 -1,000000 -101,000000 0,000000 0,000000
107 1504083571 4,600000 -1,000000 -101,000000 0,000000 0,000000
107 1504083572 4,600000 -1,000000 -101,000000 0,000000 0,000000
107 1504083573 4,600000 -1,000000 -101,000000 0,000000 0,000000
107 1504083574 14,800000 -1,000000 -101,000000 0,000000 0,000000
107 1504083575 14,800000 -1,000000 -101,000000 0,000000 0,000000
107 1504083576 14,800000 -1,000000 -101,000000 0,000000 0,000000
107 1504083577 14,800000 -1,000000 -101,000000 0,000000 0,000000
107 1504083578 14,800000 -1,000000 -101,000000 0,000000 0,000000
107 1504083579 16,000000 -1,000000 -101,000000 0,000000 0,000000
107 1504083580 16,000000 -1,000000 -101,000000 0,000000 0,000000
107 1504083581 16,000000 -1,000000 -101,000000 0,000000 0,000000
107 1504083582 16,000000 -1,000000 -101,000000 0,000000 0,000000
107 1504083583 16,000000 -1,000000 -101,000000 0,000000 0,000000
107 1504083584 14,000000 -1,000000 -101,000000 0,000000 0,000000
107 1504083585 14,000000 -1,000000 -101,000000 0,000000 0,000000
107 1504083586 14,000000 -1,000000 -101,000000 0,000000 0,000000
107 1504083587 14,000000 -1,000000 -101,000000 0,000000 0,000000
107 1504083588 14,000000 -1,000000 -101,000000 0,000000 0,000000
107 1504083589 16,400000 -1,000000 -101,000000 0,000000 0,000000
107 1504083590 16,400000 -1,000000 -101,000000 0,000000 0,000000
107 1504083591 16,400000 -1,000000 -101,000000 0,000000 0,000000
107 1504083592 16,400000 -1,000000 -101,000000 0,000000 0,000000
107 1504083593 16,400000 -1,000000 -101,000000 0,000000 0,000000
107 1504083594 13,600000 -1,000000 -101,000000 0,000000 0,000000
107 1504083595 13,600000 -1,000000 -101,000000 0,000000 0,000000
107 1504083596 13,600000 -1,000000 -101,000000 0,000000 0,000000
107 1504083597 13,600000 -1,000000 -101,000000 0,000000 0,000000
107 1504083598 13,600000 -1,000000 -101,000000 0,000000 0,000000
107 1504083599 14,800000 -1,000000 -101,000000 0,000000 0,000000
107 1504083600 14,800000 -1,000000 -101,000000 0,000000 0,000000
107 1504083601 14,800000 -1,000000 -101,000000 0,000000 0,000000
107 1504083602 14,800000 -1,000000 -101,000000 0,000000 0,000000
107 1504083603 14,800000 -1,000000 -101,000000 0,000000 0,000000
107 1504083604 16,000000 -1,000000 -101,000000 0,000000 0,000000
107 1504083605 16,000000 -1,000000 -101,000000 0,000000 0,000000
107 1504083606 16,000000 -1,000000 -101,000000 0,000000 0,000000
107 1504083607 16,000000 -1,000000 -101,000000 0,000000 0,000000
107 1504083608 16,000000 -1,000000 -101,000000 0,000000 0,000000
107 1504083609 14,800000 -1,000000 -101,000000 0,000000 0,000000
107 1504083610 14,800000 -1,000000 -101,000000 0,000000 0,000000
107 1504083611 14,800000 -1,000000 -101,000000 0,000000 0,000000
107 1504083612 14,800000 -1,000000 -101,000000 0,000000 0,000000
107 1504083613 14,800000 -1,000000 -101,000000 0,000000 0,000000
107 1504083614 13,400000 -1,000000 -101,000000 0,000000 0,000000
107 1504083615 13,400000 -1,000000 -101,000000 0,000000 0,000000
107 1504083616 13,400000 -1,000000 -101,000000 0,000000 0,000000
107 1504083617 13,400000 -1,000000 -101,000000 0,000000 0,000000
107 1504083618 13,400000 -1,000000 -101,000000 0,000000 0,000000
107 1504083619 15,800000 -1,000000 -101,000000 0,000000 0,000000
107 1504083620 15,800000 -1,000000 -101,000000 0,000000 0,000000
107 1504083621 15,800000 -1,000000 -101,000000 0,000000 0,000000
107 1504083622 15,800000 -1,000000 -101,000000 0,000000 0,000000
107 1504083623 15,800000 -1,000000 -101,000000 0,000000 0,000000
107 1504083624 15,000000 -1,000000 -101,000000 0,000000 0,000000
107 1504083625 15,000000 -1,000000 -101,000000 0,000000 0,000000
107 1504083626 15,000000 -1,000000 -101,000000 0,000000 0,000000
107 1504083627 15,000000 -1,000000 -101,000000 0,000000 0,000000
107 1504083628 15,000000 -1,000000 -101,000000 0,000000 0,000000
107 1504083629 14,400000 -1,000000 -101,000000 0,000000 0,000000
107 1504083630 14,400000 -1,000000 -101,000000 0,000000 0,000000
107 1504083631 14,400000 -1,000000 -101,000000 0,000000 0,000000
107 1504083632 14,400000 -1,000000 -101,000000 0,000000 0,000000
107 1504083633 14,400000 -1,000000 -101,000000 0,000000 0,000000
107 1504083634 14,600000 -1,000000 -101,000000 0,000000 0,000000
107 1504083635 14,600000 -1,000000 -101,000000 0,000000 0,000000
107 1504083636 14,600000 -1,000000 -101,000000 0,000000 0,000000
107 1504083637 14,600000 -1,000000 -101,000000 0,000000 0,000000
107 1504083638 14,600000 -1,000000 -101,000000 0,000000 0,000000
107 1504083639 17,600000 -1,000000 -101,000000 0,000000 0,000000
107 1504083640 17,600000 -1,000000 -101,000000 0,000000 0,000000
107 1504083641 17,600000 -1,000000 -101,000000 0,000000 0,000000
107 1504083642 17,600000 -1,000000 -101,000000 0,000000 0,000000
107 1504083643 17,600000 -1,000000 -101,000000 0,000000 0,000000
107 1504083644 12,600000 -1,000000 -101,000000 0,000000 0,000000
107 1504083645 12,600000 -1,000000 -101,000000 0,000000 0,000000
107 1504083646 12,600000 -1,000000 -101,000000 0,000000 0,000000
107 1504083647 12,600000 -1,000000 -101,000000 0,000000 0,000000
107 1504083648 12,600000 -1,000000 -101,000000 0,000000 0,000000
107 1504083649 13,600000 -1,000000 -101,000000 0,000000 0,000000
107 1504083650 13,600000 -1,000000 -101,000000 0,000000 0,000000
107 1504083651 13,600000 -1,000000 -101,000000 0,000000 0,000000
107 1504083652 13,600000 -1,000000 -101,000000 0,000000 0,000000
107 1504083653 13,600000 -1,000000 -101,000000 0,000000 0,000000
107 1504083654 14,800000 -1,000000 -101,000000 0,000000 0,000000
107 1504083655 14,800000 -1,000000 -101,000000 0,000000 0,000000
107 1504083656 14,800000 -1,000000 -101,000000 0,000000 0,000000
107 1504083657 14,800000 -1,000000 -101,000000 0,000000 0,000000
107 1504083658 14,800000 -1,000000 -101,000000 0,000000 0,000000
107 1504083659 13,400000 -1,000000 -101,000000 0,000000 0,000000
107 1504083660 13,400000 -1,000000 -101,000000 0,000000 0,000000
107 1504083661 13,400000 -1,000000 -101,000000 0,000000 0,000000
107 1504083662 13,400000 -1,000000 -101,000000 0,000000 0,000000
107 1504083663 13,400000 -1,000000 -101,000000 0,000000 0,000000
107 1504083664 13,600000 -1,000000 -101,000000 0,000000 0,000000
107 1504083665 13,600000 -1,000000 -101,000000 0,000000 0,000000
107 1504083666 13,600000 -1,000000 -101,000000 0,000000 0,000000
107 1504083667 13,600000 -1,000000 -101,000000 0,000000 0,000000
107 1504083668 13,600000 -1,000000 -101,000000 0,000000 0,000000
107 1504083669 15,600000 -1,000000 -101,000000 0,000000 0,000000
107 1504083670 15,600000 -1,000000 -101,000000 0,000000 0,000000
107 1504083671 15,600000 -1,000000 -101,000000 0,000000 0,000000
107 1504083672 15,600000 -1,000000 -101,000000 0,000000 0,000000
107 1504083673 15,600000 -1,000000 -101,000000 0,000000 0,000000
107 1504083674 15,200000 -1,000000 -101,000000 0,000000 0,000000
107 1504083675 15,200000 -1,000000 -101,000000 0,000000 0,000000
107 1504083676 15,200000 -1,000000 -101,000000 0,000000 0,000000
107 1504083677 15,200000 -1,000000 -101,000000 0,000000 0,000000
107 1504083678 15,200000 -1,000000 -101,000000 0,000000 0,000000
107 1504083679 14,600000 -1,000000 -101,000000 0,000000 0,000000
107 1504083680 14,600000 -1,000000 -101,000000 0,000000 0,000000
107 1504083681 14,600000 -1,000000 -101,000000 0,000000 0,000000
107 1504083682 14,600000 -1,000000 -101,000000 0,000000 0,000000
107 1504083683 14,600000 -1,000000 -101,000000 0,000000 0,000000
107 1504083684 13,800000 -1,000000 -101,000000 0,000000 0,000000
107 1504083685 13,800000 -1,000000 -101,000000 0,000000 0,000000
107 1504083686 13,800000 -1,000000 -101,000000 0,000000 0,000000
107 1504083687 13,800000 -1,000000 -101,000000 0,000000 0,000000
107 1504083688 13,800000 -1,000000 -101,000000 0,000000 0,000000
107 1504083689 12,600000 -1,000000 -101,000000 0,000000 0,000000
107 1504083690 12,600000 -1,000000 -101,000000 0,000000 0,000000
107 1504083691 12,600000 -1,000000 -101,000000 0,000000 0,000000
107 1504083692 12,600000 -1,000000 -101,000000 0,000000 0,000000
107 1504083693 12,600000 -1,000000 -101,000000 0,000000 0,000000
107 1504083699 10,600000 -1,000000 -101,000000 0,000000 0,000000
107 1504083700 10,600000 -1,000000 -101,000000 0,000000 0,000000
107 1504083701 10,600000 -1,000000 -101,000000 0,000000 0,000000
107 1504083702 10,600000 -1,000000 -101,000000 0,000000 0,000000
107 1504083703 10,600000 -1,000000 -101,000000 0,000000 0,000000
107 1504083704 15,800000 -1,000000 -101,000000 0,000000 0,000000
107 1504083705 15,800000 -1,000000 -101,000000 0,000000 0,000000
107 1504083706 15,800000 -1,000000 -101,000000 0,000000 0,000000
107 1504083707 15,800000 -1,000000 -101,000000 0,000000 0,000000
107 1504083708 15,800000 -1,000000 -101,000000 0,000000 0,000000
107 1504083709 13,400000 -1,000000 -101,000000 0,000000 0,000000
107 1504083710 13,400000 -1,000000 -101,000000 0,000000 0,000000
107 1504083711 13,400000 -1,000000 -101,000000 0,000000 0,000000
107 1504083712 13,400000 -1,000000 -101,000000 0,000000 0,000000
107 1504083713 13,400000 -1,000000 -101,000000 0,000000 0,000000
107 1504083714 14,200000 -1,000000 -101,000000 0,000000 0,000000
107 1504083715 14,200000 -1,000000 -101,000000 0,000000 0,000000
107 1504083716 14,200000 -1,000000 -101,000000 0,000000 0,000000
107 1504083717 14,200000 -1,000000 -101,000000 0,000000 0,000000
107 1504083718 14,200000 -1,000000 -101,000000 0,000000 0,000000
107 1504083719 14,000000 -1,000000 -101,000000 0,000000 0,000000
107 1504083720 14,000000 -1,000000 -101,000000 0,000000 0,000000
107 1504083721 14,000000 -1,000000 -101,000000 0,000000 0,000000
107 1504083722 14,000000 -1,000000 -101,000000 0,000000 0,000000
107 1504083723 14,000000 -1,000000 -101,000000 0,000000 0,000000
107 1504083724 13,800000 -1,000000 -101,000000 0,000000 0,000000
107 1504083725 13,800000 -1,000000 -101,000000 0,000000 0,000000
107 1504083726 13,800000 -1,000000 -101,000000 0,000000 0,000000
107 1504083727 13,800000 -1,000000 -101,000000 0,000000 0,000000
107 1504083728 13,800000 -1,000000 -101,000000 0,000000 0,000000
107 1504083729 15,800000 -1,000000 -101,000000 0,000000 0,000000
107 1504083730 15,800000 -1,000000 -101,000000 0,000000 0,000000
107 1504083731 15,800000 -1,000000 -101,000000 0,000000 0,000000
107 1504083732 15,800000 -1,000000 -101,000000 0,000000 0,000000
107 1504083733 15,800000 -1,000000 -101,000000 0,000000 0,000000
107 1504083734 13,800000 -1,000000 -101,000000 0,000000 0,000000
107 1504083735 13,800000 -1,000000 -101,000000 0,000000 0,000000
107 1504083736 13,800000 -1,000000 -101,000000 0,000000 0,000000
107 1504083737 13,800000 -1,000000 -101,000000 0,000000 0,000000
107 1504083738 13,800000 -1,000000 -101,000000 0,000000 0,000000
107 1504083739 14,400000 -1,000000 -101,000000 0,000000 0,000000
107 1504083740 14,400000 -1,000000 -101,000000 0,000000 0,000000
107 1504083741 14,400000 -1,000000 -101,000000 0,000000 0,000000
107 1504083742 14,400000 -1,000000 -101,000000 0,000000 0,000000
107 1504083743 14,400000 -1,000000 -101,000000 0,000000 0,000000
107 1504083744 14,600000 -1,000000 -101,000000 0,000000 0,000000
107 1504083745 14,600000 -1,000000 -101,000000 0,000000 0,000000
107 1504083746 14,600000 -1,000000 -101,000000 0,000000 0,000000
107 1504083747 14,600000 -1,000000 -101,000000 0,000000 0,000000
107 1504083748 14,600000 -1,000000 -101,000000 0,000000 0,000000
107 1504083749 14,800000 -1,000000 -101,000000 0,000000 0,000000
107 1504083750 14,800000 -1,000000 -101,000000 0,000000 0,000000
107 1504083751 14,800000 -1,000000 -101,000000 0,000000 0,000000
107 1504083752 14,800000 -1,000000 -101,000000 0,000000 0,000000
107 1504083753 14,800000 -1,000000 -101,000000 0,000000 0,000000
107 1504083754 13,200000 -1,000000 -101,000000 0,000000 0,000000
107 1504083755 13,200000 -1,000000 -101,000000 0,000000 0,000000
107 1504083756 13,200000 -1,000000 -101,000000 0,000000 0,000000
107 1504083757 13,200000 -1,000000 -101,000000 0,000000 0,000000
107 1504083758 13,200000 -1,000000 -101,000000 0,000000 0,000000
107 1504083818 13,200000 -1,000000 13,200000 13,200000 0,000000
107 1504083817 13,200000 -1,000000 13,200000 13,200000 0,000000
107 1504083816 13,200000 -1,000000 13,200000 13,200000 0,000000
107 1504083815 13,200000 -1,000000 13,200000 13,200000 0,000000
107 1504083814 13,200000 -1,000000 13,200000 13,200000 0,000000
107 1504083813 13,600000 -1,000000 13,600000 13,600000 0,000000
107 1504083812 13,600000 -1,000000 13,600000 13,600000 0,000000
107 1504083811 13,600000 -1,000000 13,600000 13,600000 0,000000
107 1504083810 13,600000 -1,000000 13,600000 13,600000 0,000000
107 1504083809 13,600000 -1,000000 13,600000 13,600000 0,000000
107 1504083808 12,000000 -1,000000 12,000000 12,000000 0,000000
107 1504083807 12,000000 -1,000000 12,000000 12,000000 0,000000
107 1504083806 12,000000 -1,000000 12,000000 12,000000 0,000000
107 1504083805 12,000000 -1,000000 12,000000 12,000000 0,000000
107 1504083804 12,000000 -1,000000 12,000000 12,000000 0,000000
107 1504083803 15,800000 -1,000000 15,800000 15,800000 0,000000
107 1504083802 15,800000 -1,000000 15,800000 15,800000 0,000000
107 1504083801 15,800000 -1,000000 15,800000 15,800000 0,000000
107 1504083800 15,800000 -1,000000 15,800000 15,800000 0,000000
107 1504083799 15,800000 -1,000000 15,800000 15,800000 0,000000
107 1504083798 15,000000 -1,000000 15,000000 15,000000 0,000000
107 1504083797 15,000000 -1,000000 15,000000 15,000000 0,000000
107 1504083796 15,000000 -1,000000 15,000000 15,000000 0,000000
107 1504083795 15,000000 -1,000000 15,000000 15,000000 0,000000
107 1504083794 15,000000 -1,000000 15,000000 15,000000 0,000000
107 1504083793 13,800000 -1,000000 13,800000 13,800000 0,000000
107 1504083792 13,800000 -1,000000 13,800000 13,800000 0,000000
107 1504083791 13,800000 -1,000000 13,800000 13,800000 0,000000
107 1504083790 13,800000 -1,000000 13,800000 13,800000 0,000000
107 1504083789 13,800000 -1,000000 13,800000 13,800000 0,000000
107 1504083788 13,400000 -1,000000 13,400000 13,400000 0,000000
107 1504083787 13,400000 -1,000000 13,400000 13,400000 0,000000
107 1504083786 13,400000 -1,000000 13,400000 13,400000 0,000000
107 1504083785 13,400000 -1,000000 13,400000 13,400000 0,000000
107 1504083784 13,400000 -1,000000 13,400000 13,400000 0,000000
107 1504083783 14,000000 -1,000000 14,000000 14,000000 0,000000
107 1504083782 14,000000 -1,000000 14,000000 14,000000 0,000000
107 1504083781 14,000000 -1,000000 14,000000 14,000000 0,000000
107 1504083780 14,000000 -1,000000 14,000000 14,000000 0,000000
107 1504083779 14,000000 -1,000000 14,000000 14,000000 0,000000
107 1504083778 13,600000 -1,000000 13,600000 13,600000 0,000000
107 1504083777 13,600000 -1,000000 13,600000 13,600000 0,000000
107 1504083776 13,600000 -1,000000 13,600000 13,600000 0,000000
107 1504083775 13,600000 -1,000000 13,600000 13,600000 0,000000
107 1504083774 13,600000 -1,000000 13,600000 13,600000 0,000000
107 1504083773 13,600000 -1,000000 13,600000 13,600000 0,000000
107 1504083772 13,600000 -1,000000 13,600000 13,600000 0,000000
107 1504083771 13,600000 -1,000000 13,600000 13,600000 0,000000
107 1504083770 13,600000 -1,000000 13,600000 13,600000 0,000000
107 1504083769 13,600000 -1,000000 13,600000 13,600000 0,000000
107 1504083768 13,400000 -1,000000 13,400000 13,400000 0,000000
107 1504083767 13,400000 -1,000000 13,400000 13,400000 0,000000
107 1504083766 13,400000 -1,000000 13,400000 13,400000 0,000000
107 1504083765 13,400000 -1,000000 13,400000 13,400000 0,000000
107 1504083764 13,400000 -1,000000 13,400000 13,400000 0,000000
107 1504083763 14,400000 -1,000000 14,400000 14,400000 0,000000
107 1504083762 14,400000 -1,000000 14,400000 14,400000 0,000000
107 1504083761 14,400000 -1,000000 14,400000 14,400000 0,000000
107 1504083760 14,400000 -1,000000 14,400000 14,400000 0,000000
107 1504083759 14,400000 -1,000000 14,400000 14,400000 0,000000
107 1504083759 14,400000 -1,000000 -101,000000 0,000000 0,000000
107 1504083760 14,400000 -1,000000 -101,000000 0,000000 0,000000
107 1504083761 14,400000 -1,000000 -101,000000 0,000000 0,000000
107 1504083762 14,400000 -1,000000 -101,000000 0,000000 0,000000
107 1504083763 14,400000 -1,000000 -101,000000 0,000000 0,000000
107 1504083764 13,400000 -1,000000 -101,000000 0,000000 0,000000
107 1504083765 13,400000 -1,000000 -101,000000 0,000000 0,000000
107 1504083766 13,400000 -1,000000 -101,000000 0,000000 0,000000
107 1504083767 13,400000 -1,000000 -101,000000 0,000000 0,000000
107 1504083768 13,400000 -1,000000 -101,000000 0,000000 0,000000
107 1504083769 13,600000 -1,000000 -101,000000 0,000000 0,000000
107 1504083770 13,600000 -1,000000 -101,000000 0,000000 0,000000
107 1504083771 13,600000 -1,000000 -101,000000 0,000000 0,000000
107 1504083772 13,600000 -1,000000 -101,000000 0,000000 0,000000
107 1504083773 13,600000 -1,000000 -101,000000 0,000000 0,000000
107 1504083774 13,600000 -1,000000 -101,000000 0,000000 0,000000
107 1504083775 13,600000 -1,000000 -101,000000 0,000000 0,000000
107 1504083776 13,600000 -1,000000 -101,000000 0,000000 0,000000
107 1504083777 13,600000 -1,000000 -101,000000 0,000000 0,000000
107 1504083778 13,600000 -1,000000 -101,000000 0,000000 0,000000
107 1504083779 14,000000 -1,000000 -101,000000 0,000000 0,000000
107 1504083780 14,000000 -1,000000 -101,000000 0,000000 0,000000
107 1504083781 14,000000 -1,000000 -101,000000 0,000000 0,000000
107 1504083782 14,000000 -1,000000 -101,000000 0,000000 0,000000
107 1504083783 14,000000 -1,000000 -101,000000 0,000000 0,000000
107 1504083784 13,400000 -1,000000 -101,000000 0,000000 0,000000
107 1504083785 13,400000 -1,000000 -101,000000 0,000000 0,000000
107 1504083786 13,400000 -1,000000 -101,000000 0,000000 0,000000
107 1504083787 13,400000 -1,000000 -101,000000 0,000000 0,000000
107 1504083788 13,400000 -1,000000 -101,000000 0,000000 0,000000
107 1504083789 13,800000 -1,000000 -101,000000 0,000000 0,000000
107 1504083790 13,800000 -1,000000 -101,000000 0,000000 0,000000
107 1504083791 13,800000 -1,000000 -101,000000 0,000000 0,000000
107 1504083792 13,800000 -1,000000 -101,000000 0,000000 0,000000
107 1504083793 13,800000 -1,000000 -101,000000 0,000000 0,000000
107 1504083794 15,000000 -1,000000 -101,000000 0,000000 0,000000
107 1504083795 15,000000 -1,000000 -101,000000 0,000000 0,000000
107 1504083796 15,000000 -1,000000 -101,000000 0,000000 0,000000
107 1504083797 15,000000 -1,000000 -101,000000 0,000000 0,000000
107 1504083798 15,000000 -1,000000 -101,000000 0,000000 0,000000
107 1504083799 15,800000 -1,000000 -101,000000 0,000000 0,000000
107 1504083800 15,800000 -1,000000 -101,000000 0,000000 0,000000
107 1504083801 15,800000 -1,000000 -101,000000 0,000000 0,000000
107 1504083802 15,800000 -1,000000 -101,000000 0,000000 0,000000
107 1504083803 15,800000 -1,000000 -101,000000 0,000000 0,000000
107 1504083804 12,000000 -1,000000 -101,000000 0,000000 0,000000
107 1504083805 12,000000 -1,000000 -101,000000 0,000000 0,000000
107 1504083806 12,000000 -1,000000 -101,000000 0,000000 0,000000
107 1504083807 12,000000 -1,000000 -101,000000 0,000000 0,000000
107 1504083808 12,000000 -1,000000 -101,000000 0,000000 0,000000
107 1504083809 13,600000 -1,000000 -101,000000 0,000000 0,000000
107 1504083810 13,600000 -1,000000 -101,000000 0,000000 0,000000
107 1504083811 13,600000 -1,000000 -101,000000 0,000000 0,000000
107 1504083812 13,600000 -1,000000 -101,000000 0,000000 0,000000
107 1504083813 13,600000 -1,000000 -101,000000 0,000000 0,000000
107 1504083814 13,200000 -1,000000 -101,000000 0,000000 0,000000
107 1504083815 13,200000 -1,000000 -101,000000 0,000000 0,000000
107 1504083816 13,200000 -1,000000 -101,000000 0,000000 0,000000
107 1504083817 13,200000 -1,000000 -101,000000 0,000000 0,000000
107 1504083818 13,200000 -1,000000 -101,000000 0,000000 0,000000
107 1504083819 15,000000 -1,000000 -101,000000 0,000000 0,000000
107 1504083820 15,000000 -1,000000 -101,000000 0,000000 0,000000
107 1504083821 15,000000 -1,000000 -101,000000 0,000000 0,000000
107 1504083822 15,000000 -1,000000 -101,000000 0,000000 0,000000
107 1504083823 15,000000 -1,000000 -101,000000 0,000000 0,000000
107 1504083824 13,400000 -1,000000 -101,000000 0,000000 0,000000
107 1504083825 13,400000 -1,000000 -101,000000 0,000000 0,000000
107 1504083826 13,400000 -1,000000 -101,000000 0,000000 0,000000
107 1504083827 13,400000 -1,000000 -101,000000 0,000000 0,000000
107 1504083828 13,400000 -1,000000 -101,000000 0,000000 0,000000
107 1504083829 13,200000 -1,000000 -101,000000 0,000000 0,000000
107 1504083830 13,200000 -1,000000 -101,000000 0,000000 0,000000
107 1504083831 13,200000 -1,000000 -101,000000 0,000000 0,000000
107 1504083832 13,200000 -1,000000 -101,000000 0,000000 0,000000
107 1504083833 13,200000 -1,000000 -101,000000 0,000000 0,000000
107 1504083834 14,200000 -1,000000 -101,000000 0,000000 0,000000
107 1504083835 14,200000 -1,000000 -101,000000 0,000000 0,000000
107 1504083836 14,200000 -1,000000 -101,000000 0,000000 0,000000
107 1504083837 14,200000 -1,000000 -101,000000 0,000000 0,000000
107 1504083838 14,200000 -1,000000 -101,000000 0,000000 0,000000
107 1504083839 13,400000 -1,000000 -101,000000 0,000000 0,000000
107 1504083840 13,400000 -1,000000 -101,000000 0,000000 0,000000
107 1504083841 13,400000 -1,000000 -101,000000 0,000000 0,000000
107 1504083842 13,400000 -1,000000 -101,000000 0,000000 0,000000
107 1504083843 13,400000 -1,000000 -101,000000 0,000000 0,000000
107 1504083844 14,200000 -1,000000 -101,000000 0,000000 0,000000
107 1504083845 14,200000 -1,000000 -101,000000 0,000000 0,000000
107 1504083846 14,200000 -1,000000 -101,000000 0,000000 0,000000
107 1504083847 14,200000 -1,000000 -101,000000 0,000000 0,000000
107 1504083848 14,200000 -1,000000 -101,000000 0,000000 0,000000
107 1504083849 13,800000 -1,000000 -101,000000 0,000000 0,000000
107 1504083850 13,800000 -1,000000 -101,000000 0,000000 0,000000
107 1504083851 13,800000 -1,000000 -101,000000 0,000000 0,000000
107 1504083852 13,800000 -1,000000 -101,000000 0,000000 0,000000
107 1504083853 13,800000 -1,000000 -101,000000 0,000000 0,000000
107 1504083854 12,400000 -1,000000 -101,000000 0,000000 0,000000
107 1504083855 12,400000 -1,000000 -101,000000 0,000000 0,000000
107 1504083856 12,400000 -1,000000 -101,000000 0,000000 0,000000
107 1504083857 12,400000 -1,000000 -101,000000 0,000000 0,000000
107 1504083858 12,400000 -1,000000 -101,000000 0,000000 0,000000
107 1504083859 12,400000 -1,000000 -101,000000 0,000000 0,000000
107 1504083860 12,400000 -1,000000 -101,000000 0,000000 0,000000
107 1504083861 12,400000 -1,000000 -101,000000 0,000000 0,000000
107 1504083862 12,400000 -1,000000 -101,000000 0,000000 0,000000
107 1504083863 12,400000 -1,000000 -101,000000 0,000000 0,000000
107 1504083864 13,400000 -1,000000 -101,000000 0,000000 0,000000
107 1504083865 13,400000 -1,000000 -101,000000 0,000000 0,000000
107 1504083866 13,400000 -1,000000 -101,000000 0,000000 0,000000
107 1504083867 13,400000 -1,000000 -101,000000 0,000000 0,000000
107 1504083868 13,400000 -1,000000 -101,000000 0,000000 0,000000
107 1504083869 14,800000 -1,000000 -101,000000 0,000000 0,000000
107 1504083870 14,800000 -1,000000 -101,000000 0,000000 0,000000
107 1504083871 14,800000 -1,000000 -101,000000 0,000000 0,000000
107 1504083872 14,800000 -1,000000 -101,000000 0,000000 0,000000
107 1504083873 14,800000 -1,000000 -101,000000 0,000000 0,000000
107 1504083874 13,000000 -1,000000 -101,000000 0,000000 0,000000
107 1504083875 13,000000 -1,000000 -101,000000 0,000000 0,000000
107 1504083876 13,000000 -1,000000 -101,000000 0,000000 0,000000
107 1504083877 13,000000 -1,000000 -101,000000 0,000000 0,000000
107 1504083878 13,000000 -1,000000 -101,000000 0,000000 0,000000
107 1504083879 12,800000 -1,000000 -101,000000 0,000000 0,000000
107 1504083880 12,800000 -1,000000 -101,000000 0,000000 0,000000
107 1504083881 12,800000 -1,000000 -101,000000 0,000000 0,000000
107 1504083882 12,800000 -1,000000 -101,000000 0,000000 0,000000
107 1504083883 12,800000 -1,000000 -101,000000 0,000000 0,000000
107 1504083884 14,800000 -1,000000 -101,000000 0,000000 0,000000
107 1504083885 14,800000 -1,000000 -101,000000 0,000000 0,000000
107 1504083886 14,800000 -1,000000 -101,000000 0,000000 0,000000
107 1504083887 14,800000 -1,000000 -101,000000 0,000000 0,000000
107 1504083888 14,800000 -1,000000 -101,000000 0,000000 0,000000
107 1504083889 12,400000 -1,000000 -101,000000 0,000000 0,000000
107 1504083890 12,400000 -1,000000 -101,000000 0,000000 0,000000
107 1504083891 12,400000 -1,000000 -101,000000 0,000000 0,000000
107 1504083892 12,400000 -1,000000 -101,000000 0,000000 0,000000
107 1504083893 12,400000 -1,000000 -101,000000 0,000000 0,000000
107 1504083894 12,400000 -1,000000 -101,000000 0,000000 0,000000
107 1504083895 12,400000 -1,000000 -101,000000 0,000000 0,000000
107 1504083896 12,400000 -1,000000 -101,000000 0,000000 0,000000
107 1504083897 12,400000 -1,000000 -101,000000 0,000000 0,000000
107 1504083898 12,400000 -1,000000 -101,000000 0,000000 0,000000
107 1504083899 15,800000 -1,000000 -101,000000 0,000000 0,000000
107 1504083900 15,800000 -1,000000 -101,000000 0,000000 0,000000
107 1504083901 15,800000 -1,000000 -101,000000 0,000000 0,000000
107 1504083902 15,800000 -1,000000 -101,000000 0,000000 0,000000
107 1504083903 15,800000 -1,000000 -101,000000 0,000000 0,000000
107 1504083904 12,200000 -1,000000 -101,000000 0,000000 0,000000
107 1504083905 12,200000 -1,000000 -101,000000 0,000000 0,000000
107 1504083906 12,200000 -1,000000 -101,000000 0,000000 0,000000
107 1504083907 12,200000 -1,000000 -101,000000 0,000000 0,000000
107 1504083908 12,200000 -1,000000 -101,000000 0,000000 0,000000
107 1504083909 13,400000 -1,000000 -101,000000 0,000000 0,000000
107 1504083910 13,400000 -1,000000 -101,000000 0,000000 0,000000
107 1504083911 13,400000 -1,000000 -101,000000 0,000000 0,000000
107 1504083912 13,400000 -1,000000 -101,000000 0,000000 0,000000
107 1504083913 13,400000 -1,000000 -101,000000 0,000000 0,000000
107 1504083914 14,200000 -1,000000 -101,000000 0,000000 0,000000
107 1504083915 14,200000 -1,000000 -101,000000 0,000000 0,000000
107 1504083916 14,200000 -1,000000 -101,000000 0,000000 0,000000
107 1504083917 14,200000 -1,000000 -101,000000 0,000000 0,000000
107 1504083918 14,200000 -1,000000 -101,000000 0,000000 0,000000
107 1504083919 13,000000 -1,000000 -101,000000 0,000000 0,000000
107 1504083920 13,000000 -1,000000 -101,000000 0,000000 0,000000
107 1504083921 13,000000 -1,000000 -101,000000 0,000000 0,000000
107 1504083922 13,000000 -1,000000 -101,000000 0,000000 0,000000
107 1504083923 13,000000 -1,000000 -101,000000 0,000000 0,000000
107 1504083924 13,800000 -1,000000 -101,000000 0,000000 0,000000
107 1504083925 13,800000 -1,000000 -101,000000 0,000000 0,000000
107 1504083926 13,800000 -1,000000 -101,000000 0,000000 0,000000
107 1504083927 13,800000 -1,000000 -101,000000 0,000000 0,000000
107 1504083928 13,800000 -1,000000 -101,000000 0,000000 0,000000
107 1504083929 13,400000 -1,000000 -101,000000 0,000000 0,000000
107 1504083930 13,400000 -1,000000 -101,000000 0,000000 0,000000
107 1504083931 13,400000 -1,000000 -101,000000 0,000000 0,000000
107 1504083932 13,400000 -1,000000 -101,000000 0,000000 0,000000
107 1504083933 13,400000 -1,000000 -101,000000 0,000000 0,000000
107 1504083934 12,400000 -1,000000 -101,000000 0,000000 0,000000
107 1504083935 12,400000 -1,000000 -101,000000 0,000000 0,000000
107 1504083936 12,400000 -1,000000 -101,000000 0,000000 0,000000
107 1504083937 12,400000 -1,000000 -101,000000 0,000000 0,000000
107 1504083938 12,400000 -1,000000 -101,000000 0,000000 0,000000
107 1504083939 14,600000 -1,000000 -101,000000 0,000000 0,000000
107 1504083940 14,600000 -1,000000 -101,000000 0,000000 0,000000
107 1504083941 14,600000 -1,000000 -101,000000 0,000000 0,000000
107 1504083942 14,600000 -1,000000 -101,000000 0,000000 0,000000
107 1504083943 14,600000 -1,000000 -101,000000 0,000000 0,000000
107 1504083944 12,000000 -1,000000 -101,000000 0,000000 0,000000
107 1504083945 12,000000 -1,000000 -101,000000 0,000000 0,000000
107 1504083946 12,000000 -1,000000 -101,000000 0,000000 0,000000
107 1504083947 12,000000 -1,000000 -101,000000 0,000000 0,000000
107 1504083948 12,000000 -1,000000 -101,000000 0,000000 0,000000
107 1504083949 13,200000 -1,000000 -101,000000 0,000000 0,000000
107 1504083950 13,200000 -1,000000 -101,000000 0,000000 0,000000
107 1504083951 13,200000 -1,000000 -101,000000 0,000000 0,000000
107 1504083952 13,200000 -1,000000 -101,000000 0,000000 0,000000
107 1504083953 13,200000 -1,000000 -101,000000 0,000000 0,000000
107 1504083954 11,800000 -1,000000 -101,000000 0,000000 0,000000
107 1504083955 11,800000 -1,000000 -101,000000 0,000000 0,000000
107 1504083956 11,800000 -1,000000 -101,000000 0,000000 0,000000
107 1504083957 11,800000 -1,000000 -101,000000 0,000000 0,000000
107 1504083958 11,800000 -1,000000 -101,000000 0,000000 0,000000
107 1504083959 15,600000 -1,000000 -101,000000 0,000000 0,000000
107 1504083960 15,600000 -1,000000 -101,000000 0,000000 0,000000
107 1504083961 15,600000 -1,000000 -101,000000 0,000000 0,000000
107 1504083962 15,600000 -1,000000 -101,000000 0,000000 0,000000
107 1504083963 15,600000 -1,000000 -101,000000 0,000000 0,000000
107 1504083964 12,600000 -1,000000 -101,000000 0,000000 0,000000
107 1504083965 12,600000 -1,000000 -101,000000 0,000000 0,000000
107 1504083966 12,600000 -1,000000 -101,000000 0,000000 0,000000
107 1504083967 12,600000 -1,000000 -101,000000 0,000000 0,000000
107 1504083968 12,600000 -1,000000 -101,000000 0,000000 0,000000
107 1504083969 10,400000 -1,000000 -101,000000 0,000000 0,000000
107 1504083970 10,400000 -1,000000 -101,000000 0,000000 0,000000
107 1504083971 10,400000 -1,000000 -101,000000 0,000000 0,000000
107 1504083972 10,400000 -1,000000 -101,000000 0,000000 0,000000
107 1504083973 10,400000 -1,000000 -101,000000 0,000000 0,000000
107 1504083974 14,800000 -1,000000 -101,000000 0,000000 0,000000
107 1504083975 14,800000 -1,000000 -101,000000 0,000000 0,000000
107 1504083976 14,800000 -1,000000 -101,000000 0,000000 0,000000
107 1504083977 14,800000 -1,000000 -101,000000 0,000000 0,000000
107 1504083978 14,800000 -1,000000 -101,000000 0,000000 0,000000
107 1504083979 14,200000 -1,000000 -101,000000 0,000000 0,000000
107 1504083980 14,200000 -1,000000 -101,000000 0,000000 0,000000
107 1504083981 14,200000 -1,000000 -101,000000 0,000000 0,000000
107 1504083982 14,200000 -1,000000 -101,000000 0,000000 0,000000
107 1504083983 14,200000 -1,000000 -101,000000 0,000000 0,000000
107 1504083984 13,400000 -1,000000 -101,000000 0,000000 0,000000
107 1504083985 13,400000 -1,000000 -101,000000 0,000000 0,000000
107 1504083986 13,400000 -1,000000 -101,000000 0,000000 0,000000
107 1504083987 13,400000 -1,000000 -101,000000 0,000000 0,000000
107 1504083988 13,400000 -1,000000 -101,000000 0,000000 0,000000
107 1504083989 12,800000 -1,000000 -101,000000 0,000000 0,000000
107 1504083990 12,800000 -1,000000 -101,000000 0,000000 0,000000
107 1504083991 12,800000 -1,000000 -101,000000 0,000000 0,000000
107 1504083992 12,800000 -1,000000 -101,000000 0,000000 0,000000
107 1504083993 12,800000 -1,000000 -101,000000 0,000000 0,000000
107 1504083994 12,000000 -1,000000 -101,000000 0,000000 0,000000
107 1504083995 12,000000 -1,000000 -101,000000 0,000000 0,000000
107 1504083996 12,000000 -1,000000 -101,000000 0,000000 0,000000
107 1504083997 12,000000 -1,000000 -101,000000 0,000000 0,000000
107 1504083998 12,000000 -1,000000 -101,000000 0,000000 0,000000
107 1504083999 14,000000 -1,000000 -101,000000 0,000000 0,000000
107 1504084000 14,000000 -1,000000 -101,000000 0,000000 0,000000
107 1504084001 14,000000 -1,000000 -101,000000 0,000000 0,000000
107 1504084002 14,000000 -1,000000 -101,000000 0,000000 0,000000
107 1504084003 14,000000 -1,000000 -101,000000 0,000000 0,000000
107 1504084004 13,400000 -1,000000 -101,000000 0,000000 0,000000
107 1504084005 13,400000 -1,000000 -101,000000 0,000000 0,000000
107 1504084006 13,400000 -1,000000 -101,000000 0,000000 0,000000
107 1504084007 13,400000 -1,000000 -101,000000 0,000000 0,000000
107 1504084008 13,400000 -1,000000 -101,000000 0,000000 0,000000
107 1504084009 11,800000 -1,000000 -101,000000 0,000000 0,000000
107 1504084010 11,800000 -1,000000 -101,000000 0,000000 0,000000
107 1504084011 11,800000 -1,000000 -101,000000 0,000000 0,000000
107 1504084012 11,800000 -1,000000 -101,000000 0,000000 0,000000
107 1504084013 11,800000 -1,000000 -101,000000 0,000000 0,000000
107 1504084014 14,000000 -1,000000 -101,000000 0,000000 0,000000
107 1504084015 14,000000 -1,000000 -101,000000 0,000000 0,000000
107 1504084016 14,000000 -1,000000 -101,000000 0,000000 0,000000
107 1504084017 14,000000 -1,000000 -101,000000 0,000000 0,000000
107 1504084018 14,000000 -1,000000 -101,000000 0,000000 0,000000
107 1504084019 13,000000 -1,000000 -101,000000 0,000000 0,000000
107 1504084020 13,000000 -1,000000 -101,000000 0,000000 0,000000
107 1504084021 13,000000 -1,000000 -101,000000 0,000000 0,000000
107 1504084022 13,000000 -1,000000 -101,000000 0,000000 0,000000
107 1504084023 13,000000 -1,000000 -101,000000 0,000000 0,000000
107 1504084024 10,600000 -1,000000 -101,000000 0,000000 0,000000
107 1504084025 10,600000 -1,000000 -101,000000 0,000000 0,000000
107 1504084026 10,600000 -1,000000 -101,000000 0,000000 0,000000
107 1504084027 10,600000 -1,000000 -101,000000 0,000000 0,000000
107 1504084028 10,600000 -1,000000 -101,000000 0,000000 0,000000
107 1504084029 14,800000 -1,000000 -101,000000 0,000000 0,000000
107 1504084030 14,800000 -1,000000 -101,000000 0,000000 0,000000
107 1504084031 14,800000 -1,000000 -101,000000 0,000000 0,000000
107 1504084032 14,800000 -1,000000 -101,000000 0,000000 0,000000
107 1504084033 14,800000 -1,000000 -101,000000 0,000000 0,000000
107 1504084034 12,800000 -1,000000 -101,000000 0,000000 0,000000
107 1504084035 12,800000 -1,000000 -101,000000 0,000000 0,000000
107 1504084036 12,800000 -1,000000 -101,000000 0,000000 0,000000
107 1504084037 12,800000 -1,000000 -101,000000 0,000000 0,000000
107 1504084038 12,800000 -1,000000 -101,000000 0,000000 0,000000
107 1504084039 13,200000 -1,000000 -101,000000 0,000000 0,000000
107 1504084040 13,200000 -1,000000 -101,000000 0,000000 0,000000
107 1504084041 13,200000 -1,000000 -101,000000 0,000000 0,000000
107 1504084042 13,200000 -1,000000 -101,000000 0,000000 0,000000
107 1504084043 13,200000 -1,000000 -101,000000 0,000000 0,000000
107 1504084044 11,000000 -1,000000 -101,000000 0,000000 0,000000
107 1504084045 11,000000 -1,000000 -101,000000 0,000000 0,000000
107 1504084046 11,000000 -1,000000 -101,000000 0,000000 0,000000
107 1504084047 11,000000 -1,000000 -101,000000 0,000000 0,000000
107 1504084048 11,000000 -1,000000 -101,000000 0,000000 0,000000
107 1504084049 11,800000 -1,000000 -101,000000 0,000000 0,000000
107 1504084050 11,800000 -1,000000 -101,000000 0,000000 0,000000
107 1504084051 11,800000 -1,000000 -101,000000 0,000000 0,000000
107 1504084052 11,800000 -1,000000 -101,000000 0,000000 0,000000
107 1504084053 11,800000 -1,000000 -101,000000 0,000000 0,000000
107 1504084054 7,600000 -1,000000 -101,000000 0,000000 0,000000
107 1504084055 7,600000 -1,000000 -101,000000 0,000000 0,000000
107 1504084056 7,600000 -1,000000 -101,000000 0,000000 0,000000
107 1504084057 7,600000 -1,000000 -101,000000 0,000000 0,000000
107 1504084058 7,600000 -1,000000 -101,000000 0,000000 0,000000
107 1504084059 13,200000 -1,000000 -101,000000 0,000000 0,000000
107 1504084060 13,200000 -1,000000 -101,000000 0,000000 0,000000
107 1504084061 13,200000 -1,000000 -101,000000 0,000000 0,000000
107 1504084062 13,200000 -1,000000 -101,000000 0,000000 0,000000
107 1504084063 13,200000 -1,000000 -101,000000 0,000000 0,000000
107 1504084064 11,000000 -1,000000 -101,000000 0,000000 0,000000
107 1504084065 11,000000 -1,000000 -101,000000 0,000000 0,000000
107 1504084066 11,000000 -1,000000 -101,000000 0,000000 0,000000
107 1504084067 11,000000 -1,000000 -101,000000 0,000000 0,000000
107 1504084068 11,000000 -1,000000 -101,000000 0,000000 0,000000
107 1504084069 13,400000 -1,000000 -101,000000 0,000000 0,000000
107 1504084070 13,400000 -1,000000 -101,000000 0,000000 0,000000
107 1504084071 13,400000 -1,000000 -101,000000 0,000000 0,000000
107 1504084072 13,400000 -1,000000 -101,000000 0,000000 0,000000
107 1504084073 13,400000 -1,000000 -101,000000 0,000000 0,000000
107 1504084074 12,600000 -1,000000 -101,000000 0,000000 0,000000
107 1504084075 12,600000 -1,000000 -101,000000 0,000000 0,000000
107 1504084076 12,600000 -1,000000 -101,000000 0,000000 0,000000
107 1504084077 12,600000 -1,000000 -101,000000 0,000000 0,000000
107 1504084078 12,600000 -1,000000 -101,000000 0,000000 0,000000
107 1504084079 11,200000 -1,000000 -101,000000 0,000000 0,000000
107 1504084080 11,200000 -1,000000 -101,000000 0,000000 0,000000
107 1504084081 11,200000 -1,000000 -101,000000 0,000000 0,000000
107 1504084082 11,200000 -1,000000 -101,000000 0,000000 0,000000
107 1504084083 11,200000 -1,000000 -101,000000 0,000000 0,000000
107 1504084084 12,600000 -1,000000 -101,000000 0,000000 0,000000
107 1504084085 12,600000 -1,000000 -101,000000 0,000000 0,000000
107 1504084086 12,600000 -1,000000 -101,000000 0,000000 0,000000
107 1504084087 12,600000 -1,000000 -101,000000 0,000000 0,000000
107 1504084088 12,600000 -1,000000 -101,000000 0,000000 0,000000
107 1504084089 9,200000 -1,000000 -101,000000 0,000000 0,000000
107 1504084090 9,200000 -1,000000 -101,000000 0,000000 0,000000
107 1504084091 9,200000 -1,000000 -101,000000 0,000000 0,000000
107 1504084092 9,200000 -1,000000 -101,000000 0,000000 0,000000
107 1504084093 9,200000 -1,000000 -101,000000 0,000000 0,000000
107 1504084094 13,800000 -1,000000 -101,000000 0,000000 0,000000
107 1504084095 13,800000 -1,000000 -101,000000 0,000000 0,000000
107 1504084096 13,800000 -1,000000 -101,000000 0,000000 0,000000
107 1504084097 13,800000 -1,000000 -101,000000 0,000000 0,000000
107 1504084098 13,800000 -1,000000 -101,000000 0,000000 0,000000
107 1504084099 12,600000 -1,000000 -101,000000 0,000000 0,000000
107 1504084100 12,600000 -1,000000 -101,000000 0,000000 0,000000
107 1504084101 12,600000 -1,000000 -101,000000 0,000000 0,000000
107 1504084102 12,600000 -1,000000 -101,000000 0,000000 0,000000
107 1504084103 12,600000 -1,000000 -101,000000 0,000000 0,000000
107 1504084104 9,200000 -1,000000 -101,000000 0,000000 0,000000
107 1504084105 9,200000 -1,000000 -101,000000 0,000000 0,000000
107 1504084106 9,200000 -1,000000 -101,000000 0,000000 0,000000
107 1504084107 9,200000 -1,000000 -101,000000 0,000000 0,000000
107 1504084108 9,200000 -1,000000 -101,000000 0,000000 0,000000
107 1504084109 7,000000 -1,000000 -101,000000 0,000000 0,000000
107 1504084110 7,000000 -1,000000 -101,000000 0,000000 0,000000
107 1504084111 7,000000 -1,000000 -101,000000 0,000000 0,000000
107 1504084112 7,000000 -1,000000 -101,000000 0,000000 0,000000
107 1504084113 7,000000 -1,000000 -101,000000 0,000000 0,000000
107 1504084114 5,800000 -1,000000 -101,000000 0,000000 0,000000
107 1504084115 5,800000 -1,000000 -101,000000 0,000000 0,000000
107 1504084116 5,800000 -1,000000 -101,000000 0,000000 0,000000
107 1504084117 5,800000 -1,000000 -101,000000 0,000000 0,000000
107 1504084118 5,800000 -1,000000 -101,000000 0,000000 0,000000
107 1504084119 10,800000 -1,000000 -101,000000 0,000000 0,000000
107 1504084120 10,800000 -1,000000 -101,000000 0,000000 0,000000
107 1504084121 10,800000 -1,000000 -101,000000 0,000000 0,000000
107 1504084122 10,800000 -1,000000 -101,000000 0,000000 0,000000
107 1504084123 10,800000 -1,000000 -101,000000 0,000000 0,000000
107 1504084124 11,000000 -1,000000 -101,000000 0,000000 0,000000
107 1504084125 11,000000 -1,000000 -101,000000 0,000000 0,000000
107 1504084126 11,000000 -1,000000 -101,000000 0,000000 0,000000
107 1504084127 11,000000 -1,000000 -101,000000 0,000000 0,000000
107 1504084128 11,000000 -1,000000 -101,000000 0,000000 0,000000
107 1504084129 9,600000 -1,000000 -101,000000 0,000000 0,000000
107 1504084130 9,600000 -1,000000 -101,000000 0,000000 0,000000
107 1504084131 9,600000 -1,000000 -101,000000 0,000000 0,000000
107 1504084132 9,600000 -1,000000 -101,000000 0,000000 0,000000
107 1504084133 9,600000 -1,000000 -101,000000 0,000000 0,000000
107 1504084134 9,400000 -1,000000 -101,000000 0,000000 0,000000
107 1504084135 9,400000 -1,000000 -101,000000 0,000000 0,000000
107 1504084136 9,400000 -1,000000 -101,000000 0,000000 0,000000
107 1504084137 9,400000 -1,000000 -101,000000 0,000000 0,000000
107 1504084138 9,400000 -1,000000 -101,000000 0,000000 0,000000
107 1504084139 11,000000 -1,000000 -101,000000 0,000000 0,000000
107 1504084140 11,000000 -1,000000 -101,000000 0,000000 0,000000
107 1504084141 11,000000 -1,000000 -101,000000 0,000000 0,000000
107 1504084142 11,000000 -1,000000 -101,000000 0,000000 0,000000
107 1504084143 11,000000 -1,000000 -101,000000 0,000000 0,000000
107 1504084144 13,600000 -1,000000 -101,000000 0,000000 0,000000
107 1504084145 13,600000 -1,000000 -101,000000 0,000000 0,000000
107 1504084146 13,600000 -1,000000 -101,000000 0,000000 0,000000
107 1504084147 13,600000 -1,000000 -101,000000 0,000000 0,000000
107 1504084148 13,600000 -1,000000 -101,000000 0,000000 0,000000
107 1504084149 12,400000 -1,000000 -101,000000 0,000000 0,000000
107 1504084150 12,400000 -1,000000 -101,000000 0,000000 0,000000
107 1504084151 12,400000 -1,000000 -101,000000 0,000000 0,000000
107 1504084152 12,400000 -1,000000 -101,000000 0,000000 0,000000
107 1504084153 12,400000 -1,000000 -101,000000 0,000000 0,000000
107 1504084154 11,400000 -1,000000 -101,000000 0,000000 0,000000
107 1504084155 11,400000 -1,000000 -101,000000 0,000000 0,000000
107 1504084156 11,400000 -1,000000 -101,000000 0,000000 0,000000
107 1504084157 11,400000 -1,000000 -101,000000 0,000000 0,000000
107 1504084158 11,400000 -1,000000 -101,000000 0,000000 0,000000
107 1504084159 13,400000 -1,000000 -101,000000 0,000000 0,000000
107 1504084160 13,400000 -1,000000 -101,000000 0,000000 0,000000
107 1504084161 13,400000 -1,000000 -101,000000 0,000000 0,000000
107 1504084162 13,400000 -1,000000 -101,000000 0,000000 0,000000
107 1504084163 13,400000 -1,000000 -101,000000 0,000000 0,000000
107 1504084164 12,200000 -1,000000 -101,000000 0,000000 0,000000
107 1504084165 12,200000 -1,000000 -101,000000 0,000000 0,000000
107 1504084166 12,200000 -1,000000 -101,000000 0,000000 0,000000
107 1504084167 12,200000 -1,000000 -101,000000 0,000000 0,000000
107 1504084168 12,200000 -1,000000 -101,000000 0,000000 0,000000
107 1504084169 12,800000 -1,000000 -101,000000 0,000000 0,000000
107 1504084170 12,800000 -1,000000 -101,000000 0,000000 0,000000
107 1504084171 12,800000 -1,000000 -101,000000 0,000000 0,000000
107 1504084172 12,800000 -1,000000 -101,000000 0,000000 0,000000
107 1504084173 12,800000 -1,000000 -101,000000 0,000000 0,000000
107 1504084174 10,600000 -1,000000 -101,000000 0,000000 0,000000
107 1504084175 10,600000 -1,000000 -101,000000 0,000000 0,000000
107 1504084176 10,600000 -1,000000 -101,000000 0,000000 0,000000
107 1504084177 10,600000 -1,000000 -101,000000 0,000000 0,000000
107 1504084178 10,600000 -1,000000 -101,000000 0,000000 0,000000
107 1504084179 13,400000 -1,000000 -101,000000 0,000000 0,000000
107 1504084180 13,400000 -1,000000 -101,000000 0,000000 0,000000
107 1504084181 13,400000 -1,000000 -101,000000 0,000000 0,000000
107 1504084182 13,400000 -1,000000 -101,000000 0,000000 0,000000
107 1504084183 13,400000 -1,000000 -101,000000 0,000000 0,000000
107 1504084184 13,800000 -1,000000 -101,000000 0,000000 0,000000
107 1504084185 13,800000 -1,000000 -101,000000 0,000000 0,000000
107 1504084186 13,800000 -1,000000 -101,000000 0,000000 0,000000
107 1504084187 13,800000 -1,000000 -101,000000 0,000000 0,000000
107 1504084188 13,800000 -1,000000 -101,000000 0,000000 0,000000
107 1504084189 11,200000 -1,000000 -101,000000 0,000000 0,000000
107 1504084190 11,200000 -1,000000 -101,000000 0,000000 0,000000
107 1504084191 11,200000 -1,000000 -101,000000 0,000000 0,000000
107 1504084192 11,200000 -1,000000 -101,000000 0,000000 0,000000
107 1504084193 11,200000 -1,000000 -101,000000 0,000000 0,000000
107 1504084194 13,600000 -1,000000 -101,000000 0,000000 0,000000
107 1504084195 13,600000 -1,000000 -101,000000 0,000000 0,000000
107 1504084196 13,600000 -1,000000 -101,000000 0,000000 0,000000
107 1504084197 13,600000 -1,000000 -101,000000 0,000000 0,000000
107 1504084198 13,600000 -1,000000 -101,000000 0,000000 0,000000
107 1504084199 11,600000 -1,000000 -101,000000 0,000000 0,000000
107 1504084200 11,600000 -1,000000 -101,000000 0,000000 0,000000
107 1504084201 11,600000 -1,000000 -101,000000 0,000000 0,000000
107 1504084202 11,600000 -1,000000 -101,000000 0,000000 0,000000
107 1504084203 11,600000 -1,000000 -101,000000 0,000000 0,000000
107 1504084204 10,400000 -1,000000 -101,000000 0,000000 0,000000
107 1504084205 10,400000 -1,000000 -101,000000 0,000000 0,000000
107 1504084206 10,400000 -1,000000 -101,000000 0,000000 0,000000
107 1504084207 10,400000 -1,000000 -101,000000 0,000000 0,000000
107 1504084208 10,400000 -1,000000 -101,000000 0,000000 0,000000
107 1504084209 15,000000 -1,000000 -101,000000 0,000000 0,000000
107 1504084210 15,000000 -1,000000 -101,000000 0,000000 0,000000
107 1504084211 15,000000 -1,000000 -101,000000 0,000000 0,000000
107 1504084212 15,000000 -1,000000 -101,000000 0,000000 0,000000
107 1504084213 15,000000 -1,000000 -101,000000 0,000000 0,000000
107 1504084214 14,000000 -1,000000 -101,000000 0,000000 0,000000
107 1504084215 14,000000 -1,000000 -101,000000 0,000000 0,000000
107 1504084216 14,000000 -1,000000 -101,000000 0,000000 0,000000
107 1504084217 14,000000 -1,000000 -101,000000 0,000000 0,000000
107 1504084218 14,000000 -1,000000 -101,000000 0,000000 0,000000
107 1504084219 9,800000 -1,000000 -101,000000 0,000000 0,000000
107 1504084220 9,800000 -1,000000 -101,000000 0,000000 0,000000
107 1504084221 9,800000 -1,000000 -101,000000 0,000000 0,000000
107 1504084222 9,800000 -1,000000 -101,000000 0,000000 0,000000
107 1504084223 9,800000 -1,000000 -101,000000 0,000000 0,000000
107 1504084224 13,600000 -1,000000 -101,000000 0,000000 0,000000
107 1504084225 13,600000 -1,000000 -101,000000 0,000000 0,000000
107 1504084226 13,600000 -1,000000 -101,000000 0,000000 0,000000
107 1504084227 13,600000 -1,000000 -101,000000 0,000000 0,000000
107 1504084228 13,600000 -1,000000 -101,000000 0,000000 0,000000
107 1504084229 13,000000 -1,000000 -101,000000 0,000000 0,000000
107 1504084230 13,000000 -1,000000 -101,000000 0,000000 0,000000
107 1504084231 13,000000 -1,000000 -101,000000 0,000000 0,000000
107 1504084232 13,000000 -1,000000 -101,000000 0,000000 0,000000
107 1504084233 13,000000 -1,000000 -101,000000 0,000000 0,000000
107 1504084234 9,200000 -1,000000 -101,000000 0,000000 0,000000
107 1504084235 9,200000 -1,000000 -101,000000 0,000000 0,000000
107 1504084236 9,200000 -1,000000 -101,000000 0,000000 0,000000
107 1504084237 9,200000 -1,000000 -101,000000 0,000000 0,000000
107 1504084238 9,200000 -1,000000 -101,000000 0,000000 0,000000
107 1504084239 13,200000 -1,000000 -101,000000 0,000000 0,000000
107 1504084240 13,200000 -1,000000 -101,000000 0,000000 0,000000
107 1504084241 13,200000 -1,000000 -101,000000 0,000000 0,000000
107 1504084242 13,200000 -1,000000 -101,000000 0,000000 0,000000
107 1504084243 13,200000 -1,000000 -101,000000 0,000000 0,000000
107 1504084244 12,000000 -1,000000 -101,000000 0,000000 0,000000
107 1504084245 12,000000 -1,000000 -101,000000 0,000000 0,000000
107 1504084246 12,000000 -1,000000 -101,000000 0,000000 0,000000
107 1504084247 12,000000 -1,000000 -101,000000 0,000000 0,000000
107 1504084248 12,000000 -1,000000 -101,000000 0,000000 0,000000
107 1504084249 13,000000 -1,000000 -101,000000 0,000000 0,000000
107 1504084250 13,000000 -1,000000 -101,000000 0,000000 0,000000
107 1504084251 13,000000 -1,000000 -101,000000 0,000000 0,000000
107 1504084252 13,000000 -1,000000 -101,000000 0,000000 0,000000
107 1504084253 13,000000 -1,000000 -101,000000 0,000000 0,000000
107 1504084254 11,200000 -1,000000 -101,000000 0,000000 0,000000
107 1504084255 11,200000 -1,000000 -101,000000 0,000000 0,000000
107 1504084256 11,200000 -1,000000 -101,000000 0,000000 0,000000
107 1504084257 11,200000 -1,000000 -101,000000 0,000000 0,000000
107 1504084258 11,200000 -1,000000 -101,000000 0,000000 0,000000
107 1504084259 12,600000 -1,000000 -101,000000 0,000000 0,000000
107 1504084260 12,600000 -1,000000 -101,000000 0,000000 0,000000
107 1504084261 12,600000 -1,000000 -101,000000 0,000000 0,000000
107 1504084262 12,600000 -1,000000 -101,000000 0,000000 0,000000
107 1504084263 12,600000 -1,000000 -101,000000 0,000000 0,000000
107 1504084264 11,200000 -1,000000 -101,000000 0,000000 0,000000
107 1504084265 11,200000 -1,000000 -101,000000 0,000000 0,000000
107 1504084266 11,200000 -1,000000 -101,000000 0,000000 0,000000
107 1504084267 11,200000 -1,000000 -101,000000 0,000000 0,000000
107 1504084268 11,200000 -1,000000 -101,000000 0,000000 0,000000
107 1504084269 11,600000 -1,000000 -101,000000 0,000000 0,000000
107 1504084270 11,600000 -1,000000 -101,000000 0,000000 0,000000
107 1504084271 11,600000 -1,000000 -101,000000 0,000000 0,000000
107 1504084272 11,600000 -1,000000 -101,000000 0,000000 0,000000
107 1504084273 11,600000 -1,000000 -101,000000 0,000000 0,000000
107 1504084274 13,200000 -1,000000 -101,000000 0,000000 0,000000
107 1504084275 13,200000 -1,000000 -101,000000 0,000000 0,000000
107 1504084276 13,200000 -1,000000 -101,000000 0,000000 0,000000
107 1504084277 13,200000 -1,000000 -101,000000 0,000000 0,000000
107 1504084278 13,200000 -1,000000 -101,000000 0,000000 0,000000
107 1504084279 10,400000 -1,000000 -101,000000 0,000000 0,000000
107 1504084280 10,400000 -1,000000 -101,000000 0,000000 0,000000
107 1504084281 10,400000 -1,000000 -101,000000 0,000000 0,000000
107 1504084282 10,400000 -1,000000 -101,000000 0,000000 0,000000
107 1504084283 10,400000 -1,000000 -101,000000 0,000000 0,000000
107 1504084284 13,600000 -1,000000 -101,000000 0,000000 0,000000
107 1504084285 13,600000 -1,000000 -101,000000 0,000000 0,000000
107 1504084286 13,600000 -1,000000 -101,000000 0,000000 0,000000
107 1504084287 13,600000 -1,000000 -101,000000 0,000000 0,000000
107 1504084288 13,600000 -1,000000 -101,000000 0,000000 0,000000
107 1504084289 12,400000 -1,000000 -101,000000 0,000000 0,000000
107 1504084290 12,400000 -1,000000 -101,000000 0,000000 0,000000
107 1504084291 12,400000 -1,000000 -101,000000 0,000000 0,000000
107 1504084292 12,400000 -1,000000 -101,000000 0,000000 0,000000
107 1504084293 12,400000 -1,000000 -101,000000 0,000000 0,000000
107 1504084294 11,600000 -1,000000 -101,000000 0,000000 0,000000
107 1504084295 11,600000 -1,000000 -101,000000 0,000000 0,000000
107 1504084296 11,600000 -1,000000 -101,000000 0,000000 0,000000
107 1504084297 11,600000 -1,000000 -101,000000 0,000000 0,000000
107 1504084298 11,600000 -1,000000 -101,000000 0,000000 0,000000
107 1504084299 12,200000 -1,000000 -101,000000 0,000000 0,000000
107 1504084300 12,200000 -1,000000 -101,000000 0,000000 0,000000
107 1504084301 12,200000 -1,000000 -101,000000 0,000000 0,000000
107 1504084302 12,200000 -1,000000 -101,000000 0,000000 0,000000
107 1504084303 12,200000 -1,000000 -101,000000 0,000000 0,000000
107 1504084366 4,000000 -1,000000 4,000000 4,000000 0,000000
107 1504084365 4,000000 -1,000000 4,000000 4,000000 0,000000
107 1504084364 4,000000 -1,000000 4,000000 4,000000 0,000000
107 1504084363 5,600000 -1,000000 5,600000 5,600000 0,000000
107 1504084362 5,600000 -1,000000 5,600000 5,600000 0,000000
107 1504084361 5,600000 -1,000000 5,600000 5,600000 0,000000
107 1504084360 5,600000 -1,000000 5,600000 5,600000 0,000000
107 1504084359 5,600000 -1,000000 5,600000 5,600000 0,000000
107 1504084358 6,400000 -1,000000 6,400000 6,400000 0,000000
107 1504084357 6,400000 -1,000000 6,400000 6,400000 0,000000
107 1504084356 6,400000 -1,000000 6,400000 6,400000 0,000000
107 1504084355 6,400000 -1,000000 6,400000 6,400000 0,000000
107 1504084354 6,400000 -1,000000 6,400000 6,400000 0,000000
107 1504084353 8,600000 -1,000000 8,600000 8,600000 0,000000
107 1504084352 8,600000 -1,000000 8,600000 8,600000 0,000000
107 1504084351 8,600000 -1,000000 8,600000 8,600000 0,000000
107 1504084350 8,600000 -1,000000 8,600000 8,600000 0,000000
107 1504084349 8,600000 -1,000000 8,600000 8,600000 0,000000
107 1504084348 8,000000 -1,000000 8,000000 8,000000 0,000000
107 1504084347 8,000000 -1,000000 8,000000 8,000000 0,000000
107 1504084346 8,000000 -1,000000 8,000000 8,000000 0,000000
107 1504084345 8,000000 -1,000000 8,000000 8,000000 0,000000
107 1504084344 8,000000 -1,000000 8,000000 8,000000 0,000000
107 1504084343 11,400000 -1,000000 11,400000 11,400000 0,000000
107 1504084342 11,400000 -1,000000 11,400000 11,400000 0,000000
107 1504084341 11,400000 -1,000000 11,400000 11,400000 0,000000
107 1504084340 11,400000 -1,000000 11,400000 11,400000 0,000000
107 1504084339 11,400000 -1,000000 11,400000 11,400000 0,000000
107 1504084338 9,600000 -1,000000 9,600000 9,600000 0,000000
107 1504084337 9,600000 -1,000000 9,600000 9,600000 0,000000
107 1504084336 9,600000 -1,000000 9,600000 9,600000 0,000000
107 1504084335 9,600000 -1,000000 9,600000 9,600000 0,000000
107 1504084334 9,600000 -1,000000 9,600000 9,600000 0,000000
107 1504084333 12,400000 -1,000000 12,400000 12,400000 0,000000
107 1504084332 12,400000 -1,000000 12,400000 12,400000 0,000000
107 1504084331 12,400000 -1,000000 12,400000 12,400000 0,000000
107 1504084330 12,400000 -1,000000 12,400000 12,400000 0,000000
107 1504084329 12,400000 -1,000000 12,400000 12,400000 0,000000
107 1504084328 11,400000 -1,000000 11,400000 11,400000 0,000000
107 1504084327 11,400000 -1,000000 11,400000 11,400000 0,000000
107 1504084326 11,400000 -1,000000 11,400000 11,400000 0,000000
107 1504084325 11,400000 -1,000000 11,400000 11,400000 0,000000
107 1504084324 11,400000 -1,000000 11,400000 11,400000 0,000000
107 1504084323 12,600000 -1,000000 12,600000 12,600000 0,000000
107 1504084322 12,600000 -1,000000 12,600000 12,600000 0,000000
107 1504084321 12,600000 -1,000000 12,600000 12,600000 0,000000
107 1504084320 12,600000 -1,000000 12,600000 12,600000 0,000000
107 1504084319 12,600000 -1,000000 12,600000 12,600000 0,000000
107 1504084318 11,800000 -1,000000 11,800000 11,800000 0,000000
107 1504084317 11,800000 -1,000000 11,800000 11,800000 0,000000
107 1504084316 11,800000 -1,000000 11,800000 11,800000 0,000000
107 1504084315 11,800000 -1,000000 11,800000 11,800000 0,000000
107 1504084314 11,800000 -1,000000 11,800000 11,800000 0,000000
107 1504084313 12,200000 -1,000000 12,200000 12,200000 0,000000
107 1504084312 12,200000 -1,000000 12,200000 12,200000 0,000000
107 1504084311 12,200000 -1,000000 12,200000 12,200000 0,000000
107 1504084310 12,200000 -1,000000 12,200000 12,200000 0,000000
107 1504084309 12,200000 -1,000000 12,200000 12,200000 0,000000
107 1504084308 12,000000 -1,000000 12,000000 12,000000 0,000000
107 1504084307 12,000000 -1,000000 12,000000 12,000000 0,000000
107 1504084306 12,000000 -1,000000 12,000000 12,000000 0,000000
107 1504084305 12,000000 -1,000000 12,000000 12,000000 0,000000
107 1504084304 12,000000 -1,000000 12,000000 12,000000 0,000000
