152 1504083224 0,000000 0,600000 0,000000 6,000000 4,800000
152 1504083224 0,000000 0,200000 0,000000 0,000000 0,000000
152 1504083225 3,000000 0,800000 2,400000 2,400000 -20,200000
152 1504083226 1,500000 0,800000 3,600000 3,600000 -20,200000
152 1504083227 1,500000 0,800000 4,800000 4,800000 -20,200000
152 1504083228 1,500000 0,800000 6,000000 6,000000 -20,200000
152 1504083229 0,000000 1,600000 6,000000 6,000000 -20,200000
152 1504083230 0,000000 1,600000 6,000000 6,000000 -20,200000
152 1504083231 0,000000 1,600000 6,000000 6,000000 -20,200000
152 1504083232 0,000000 1,600000 6,000000 6,000000 -20,200000
152 1504083233 0,000000 1,600000 6,000000 6,000000 -20,200000
152 1504083234 0,428571 2,800000 7,200000 7,200000 -20,200000
152 1504083235 0,428571 2,800000 8,400000 8,400000 -20,200000
152 1504083236 0,428571 2,800000 9,600000 9,600000 -20,200000
152 1504083237 0,428571 2,800000 10,800000 10,800000 -20,200000
152 1504083238 0,428571 2,800000 12,000000 12,000000 -20,200000
152 1504083239 0,000000 4,400000 12,000000 12,000000 -20,200000
152 1504083240 0,000000 4,400000 12,000000 12,000000 -20,200000
152 1504083241 0,000000 4,400000 12,000000 12,000000 -20,200000
152 1504083242 0,000000 4,400000 12,000000 12,000000 -20,200000
152 1504083243 0,000000 4,400000 12,000000 12,000000 -20,200000
152 1504083244 0,000000 5,800000 12,000000 12,000000 -20,200000
152 1504083245 0,000000 5,800000 12,000000 12,000000 -20,200000
152 1504083246 0,000000 5,800000 12,000000 12,000000 -20,200000
152 1504083247 0,000000 5,800000 12,000000 12,000000 -20,200000
152 1504083248 0,000000 5,800000 12,000000 12,000000 -20,200000
152 1504083249 0,153846 7,800000 13,200000 13,200000 -20,200000
152 1504083250 0,153846 7,800000 14,400000 14,400000 -20,200000
152 1504083251 0,153846 7,800000 15,600000 15,600000 -20,200000
152 1504083252 0,153846 7,800000 16,800000 16,800000 -20,200000
152 1504083253 0,153846 7,800000 18,000000 18,000000 -20,200000
152 1504083254 0,000000 9,800000 18,000000 18,000000 -20,200000
152 1504083255 0,000000 9,800000 18,000000 18,000000 -20,200000
152 1504083256 0,000000 9,800000 18,000000 18,000000 -20,200000
152 1504083257 0,000000 9,800000 18,000000 18,000000 -20,200000
152 1504083258 0,000000 9,800000 18,000000 18,000000 -20,200000
152 1504083259 0,101695 11,800000 19,200000 19,200000 -20,200000
152 1504083260 0,101695 11,800000 20,400000 20,400000 -20,200000
152 1504083261 0,101695 11,800000 21,600000 21,600000 -20,200000
152 1504083262 0,101695 11,800000 22,800000 22,800000 -20,200000
152 1504083263 0,101695 11,800000 24,000000 24,000000 -20,200000
152 1504083264 0,000000 14,000000 24,000000 24,000000 -20,200000
152 1504083265 0,000000 14,000000 24,000000 24,000000 -20,200000
152 1504083266 0,000000 14,000000 24,000000 24,000000 -20,200000
152 1504083267 0,000000 14,000000 24,000000 24,000000 -20,200000
152 1504083268 0,000000 14,000000 24,000000 24,000000 -20,200000
152 1504083269 0,000000 16,000000 24,000000 24,000000 -20,200000
152 1504083270 0,000000 16,000000 24,000000 24,000000 -20,200000
152 1504083271 0,000000 16,000000 24,000000 24,000000 -20,200000
152 1504083272 0,000000 16,000000 24,000000 24,000000 -20,200000
152 1504083273 0,000000 16,000000 24,000000 24,000000 -20,200000
152 1504083274 0,065217 18,400000 25,200000 25,200000 -20,200000
152 1504083275 0,065217 18,400000 26,400000 26,400000 -20,200000
152 1504083276 0,065217 18,400000 27,600000 27,600000 -20,200000
152 1504083277 0,065217 18,400000 28,800000 28,800000 -20,200000
152 1504083278 0,065217 18,400000 30,000000 30,000000 -20,200000
152 1504083279 0,000000 20,400000 30,000000 30,000000 -20,200000
152 1504083280 0,000000 20,400000 30,000000 30,000000 -20,200000
152 1504083281 0,000000 20,400000 30,000000 30,000000 -20,200000
152 1504083282 0,000000 20,400000 30,000000 30,000000 -20,200000
152 1504083283 0,000000 20,400000 30,000000 30,000000 -20,200000
152 1504083284 0,000000 22,400000 30,000000 30,000000 -20,200000
152 1504083285 0,000000 22,400000 30,000000 30,000000 -20,200000
152 1504083286 0,000000 22,400000 30,000000 30,000000 -20,200000
152 1504083287 0,000000 22,400000 30,000000 30,000000 -20,200000
152 1504083288 0,000000 22,400000 30,000000 30,000000 -20,200000
152 1504083289 0,000000 24,400000 30,000000 30,000000 -20,200000
152 1504083290 0,000000 24,400000 30,000000 30,000000 -20,200000
152 1504083291 0,000000 24,400000 30,000000 30,000000 -20,200000
152 1504083292 0,000000 24,400000 30,000000 30,000000 -20,200000
152 1504083293 0,000000 24,400000 30,000000 30,000000 -20,200000
152 1504083294 0,000000 26,600000 30,000000 30,000000 -20,200000
152 1504083295 0,000000 26,600000 30,000000 30,000000 -20,200000
152 1504083296 0,000000 26,600000 30,000000 30,000000 -20,200000
152 1504083297 0,000000 26,600000 30,000000 30,000000 -20,200000
152 1504083298 0,000000 26,600000 30,000000 30,000000 -20,200000
152 1504083299 0,000000 28,600000 30,000000 30,000000 -20,200000
152 1504083300 0,000000 28,600000 30,000000 30,000000 -20,200000
152 1504083301 0,000000 28,600000 30,000000 30,000000 -20,200000
152 1504083302 0,000000 28,600000 30,000000 30,000000 -20,200000
152 1504083303 0,000000 28,600000 30,000000 30,000000 -20,200000
152 1504083304 0,000000 30,400000 30,000000 30,000000 -20,200000
152 1504083305 0,000000 30,400000 30,000000 30,000000 -20,200000
152 1504083306 0,000000 30,400000 30,000000 30,000000 -20,200000
152 1504083307 0,000000 30,400000 30,000000 30,000000 -20,200000
152 1504083308 0,000000 30,400000 30,000000 30,000000 -20,200000
152 1504083309 0,000000 32,400000 30,000000 30,000000 -20,200000
152 1504083310 0,000000 32,400000 30,000000 30,000000 -20,200000
152 1504083311 0,000000 32,400000 30,000000 30,000000 -20,200000
152 1504083312 0,000000 32,400000 30,000000 30,000000 -20,200000
152 1504083313 0,000000 32,400000 30,000000 30,000000 -20,200000
152 1504083314 -0,005848 34,200000 29,800000 29,800000 -20,200000
152 1504083315 -0,005848 34,200000 29,600000 29,600000 -20,200000
152 1504083316 -0,005848 34,200000 29,400000 29,400000 -20,200000
152 1504083317 -0,005848 34,200000 29,200000 29,200000 -20,200000
152 1504083318 -0,005848 34,200000 29,000000 29,000000 -20,200000
152 1504083319 0,005525 36,200000 29,200000 29,200000 -20,200000
152 1504083320 0,005525 36,200000 29,400000 29,400000 -20,200000
152 1504083321 0,005525 36,200000 29,600000 29,600000 -20,200000
152 1504083322 0,005525 36,200000 29,800000 29,800000 -20,200000
152 1504083323 0,005525 36,200000 30,000000 30,000000 -20,200000
152 1504083324 0,000000 38,400000 30,000000 30,000000 -20,200000
152 1504083325 0,000000 38,400000 30,000000 30,000000 -20,200000
152 1504083326 0,000000 38,400000 30,000000 30,000000 -20,200000
152 1504083327 0,000000 38,400000 30,000000 30,000000 -20,200000
152 1504083328 0,000000 38,400000 30,000000 30,000000 -20,200000
152 1504083329 0,000000 39,000000 30,000000 30,000000 -20,200000
152 1504083330 0,000000 39,000000 30,000000 30,000000 -20,200000
152 1504083331 0,000000 39,000000 30,000000 30,000000 -20,200000
152 1504083332 0,000000 39,000000 30,000000 30,000000 -20,200000
152 1504083333 0,000000 39,000000 30,000000 30,000000 -20,200000
152 1504083334 -0,019802 40,400000 29,200000 29,200000 -20,200000
152 1504083335 -0,019802 40,400000 28,400000 28,400000 -20,200000
152 1504083336 -0,019802 40,400000 27,600000 27,600000 -20,200000
152 1504083337 -0,019802 40,400000 26,800000 26,800000 -20,200000
152 1504083338 -0,019802 40,400000 26,000000 26,000000 -20,200000
152 1504083339 0,018868 42,400000 26,800000 26,800000 -20,200000
152 1504083340 0,018868 42,400000 27,600000 27,600000 -20,200000
152 1504083341 0,018868 42,400000 28,400000 28,400000 -20,200000
152 1504083342 0,018868 42,400000 29,200000 29,200000 -20,200000
152 1504083343 0,018868 42,400000 30,000000 30,000000 -20,200000
152 1504083344 0,000000 44,200000 30,000000 30,000000 -20,200000
152 1504083345 0,000000 44,200000 30,000000 30,000000 -20,200000
152 1504083346 0,000000 44,200000 30,000000 30,000000 -20,200000
152 1504083347 0,000000 44,200000 30,000000 30,000000 -20,200000
152 1504083348 0,000000 44,200000 30,000000 30,000000 -20,200000
152 1504083349 0,000000 46,400000 30,000000 30,000000 -20,200000
152 1504083350 0,000000 46,400000 30,000000 30,000000 -20,200000
152 1504083351 0,000000 46,400000 30,000000 30,000000 -20,200000
152 1504083352 0,000000 46,400000 30,000000 30,000000 -20,200000
152 1504083353 0,000000 46,400000 30,000000 30,000000 -20,200000
152 1504083354 0,000000 48,400000 30,000000 30,000000 -20,200000
152 1504083355 0,000000 48,400000 30,000000 30,000000 -20,200000
152 1504083356 0,000000 48,400000 30,000000 30,000000 -20,200000
152 1504083357 0,000000 48,400000 30,000000 30,000000 -20,200000
152 1504083358 0,000000 48,400000 30,000000 30,000000 -20,200000
152 1504083359 0,000000 50,600000 30,000000 30,000000 -20,200000
152 1504083360 0,000000 50,600000 30,000000 30,000000 -20,200000
152 1504083361 0,000000 50,600000 30,000000 30,000000 -20,200000
152 1504083362 0,000000 50,600000 30,000000 30,000000 -20,200000
152 1504083363 0,000000 50,600000 30,000000 30,000000 -20,200000
152 1504083364 0,000000 52,600000 30,000000 30,000000 -20,200000
152 1504083365 0,000000 52,600000 30,000000 30,000000 -20,200000
152 1504083366 0,000000 52,600000 30,000000 30,000000 -20,200000
152 1504083367 0,000000 52,600000 30,000000 30,000000 -20,200000
152 1504083368 0,000000 52,600000 30,000000 30,000000 -20,200000
152 1504083369 0,000000 54,400000 30,000000 30,000000 -20,200000
152 1504083370 0,000000 54,400000 30,000000 30,000000 -20,200000
152 1504083371 0,000000 54,400000 30,000000 30,000000 -20,200000
152 1504083372 0,000000 54,400000 30,000000 30,000000 -20,200000
152 1504083373 0,000000 54,400000 30,000000 30,000000 -20,200000
152 1504083374 0,000000 56,800000 30,000000 30,000000 -20,200000
152 1504083375 0,000000 56,800000 30,000000 30,000000 -20,200000
152 1504083376 0,000000 56,800000 30,000000 30,000000 -20,200000
152 1504083377 0,000000 56,800000 30,000000 30,000000 -20,200000
152 1504083378 0,000000 56,800000 30,000000 30,000000 -20,200000
152 1504083379 0,000000 58,800000 30,000000 30,000000 -20,200000
152 1504083380 0,000000 58,800000 30,000000 30,000000 -20,200000
152 1504083381 0,000000 58,800000 30,000000 30,000000 -20,200000
152 1504083382 0,000000 58,800000 30,000000 30,000000 -20,200000
152 1504083383 0,000000 58,800000 30,000000 30,000000 -20,200000
152 1504083384 0,000000 61,000000 30,000000 30,000000 -20,200000
152 1504083385 0,000000 61,000000 30,000000 30,000000 -20,200000
152 1504083386 0,000000 61,000000 30,000000 30,000000 -20,200000
152 1504083387 0,000000 61,000000 30,000000 30,000000 -20,200000
152 1504083388 0,000000 61,000000 30,000000 30,000000 -20,200000
152 1504083389 0,000000 62,800000 30,000000 30,000000 -20,200000
152 1504083390 0,000000 62,800000 30,000000 30,000000 -20,200000
152 1504083391 0,000000 62,800000 30,000000 30,000000 -20,200000
152 1504083392 0,000000 62,800000 30,000000 30,000000 -20,200000
152 1504083393 0,000000 62,800000 30,000000 30,000000 -20,200000
152 1504083394 0,000000 64,800000 30,000000 30,000000 -20,200000
152 1504083395 0,000000 64,800000 30,000000 30,000000 -20,200000
152 1504083396 0,000000 64,800000 30,000000 30,000000 -20,200000
152 1504083397 0,000000 64,800000 30,000000 30,000000 -20,200000
152 1504083398 0,000000 64,800000 30,000000 30,000000 -20,200000
152 1504083399 0,000000 66,800000 30,000000 30,000000 -20,200000
152 1504083400 0,000000 66,800000 30,000000 30,000000 -20,200000
152 1504083401 0,000000 66,800000 30,000000 30,000000 -20,200000
152 1504083402 0,000000 66,800000 30,000000 30,000000 -20,200000
152 1504083403 0,000000 66,800000 30,000000 30,000000 -20,200000
152 1504083404 0,000000 69,000000 30,000000 30,000000 -20,200000
152 1504083405 0,000000 69,000000 30,000000 30,000000 -20,200000
152 1504083406 0,000000 69,000000 30,000000 30,000000 -20,200000
152 1504083407 0,000000 69,000000 30,000000 30,000000 -20,200000
152 1504083408 0,000000 69,000000 30,000000 30,000000 -20,200000
152 1504083409 0,000000 71,000000 30,000000 30,000000 -20,200000
152 1504083410 0,000000 71,000000 30,000000 30,000000 -20,200000
152 1504083411 0,000000 71,000000 30,000000 30,000000 -20,200000
152 1504083412 0,000000 71,000000 30,000000 30,000000 -20,200000
152 1504083413 0,000000 71,000000 30,000000 30,000000 -20,200000
152 1504083414 0,000000 73,000000 30,000000 30,000000 -20,200000
152 1504083415 0,000000 73,000000 30,000000 30,000000 -20,200000
152 1504083416 0,000000 73,000000 30,000000 30,000000 -20,200000
152 1504083417 0,000000 73,000000 30,000000 30,000000 -20,200000
152 1504083418 0,000000 73,000000 30,000000 30,000000 -20,200000
152 1504083419 0,000000 75,000000 30,000000 30,000000 -20,200000
152 1504083420 0,000000 75,000000 30,000000 30,000000 -20,200000
152 1504083421 0,000000 75,000000 30,000000 30,000000 -20,200000
152 1504083422 0,000000 75,000000 30,000000 30,000000 -20,200000
152 1504083423 0,000000 75,000000 30,000000 30,000000 -20,200000
152 1504083424 0,000000 77,000000 30,000000 30,000000 -20,200000
152 1504083425 0,000000 77,000000 30,000000 30,000000 -20,200000
152 1504083426 0,000000 77,000000 30,000000 30,000000 -20,200000
152 1504083427 0,000000 77,000000 30,000000 30,000000 -20,200000
152 1504083428 0,000000 77,000000 30,000000 30,000000 -20,200000
152 1504083429 0,000000 79,000000 30,000000 30,000000 -20,200000
152 1504083430 0,000000 79,000000 30,000000 30,000000 -20,200000
152 1504083431 0,000000 79,000000 30,000000 30,000000 -20,200000
152 1504083432 0,000000 79,000000 30,000000 30,000000 -20,200000
152 1504083433 0,000000 79,000000 30,000000 30,000000 -20,200000
152 1504083434 0,000000 81,000000 30,000000 30,000000 -20,200000
152 1504083435 0,000000 81,000000 30,000000 30,000000 -20,200000
152 1504083436 0,000000 81,000000 30,000000 30,000000 -20,200000
152 1504083437 0,000000 81,000000 30,000000 30,000000 -20,200000
152 1504083438 0,000000 81,000000 30,000000 30,000000 -20,200000
152 1504083439 0,000000 83,000000 30,000000 30,000000 -20,200000
152 1504083440 0,000000 83,000000 30,000000 30,000000 -20,200000
152 1504083441 0,000000 83,000000 30,000000 30,000000 -20,200000
152 1504083442 0,000000 83,000000 30,000000 30,000000 -20,200000
152 1504083443 0,000000 83,000000 30,000000 30,000000 -20,200000
152 1504083444 0,000000 85,000000 30,000000 30,000000 -20,200000
152 1504083445 0,000000 85,000000 30,000000 30,000000 -20,200000
152 1504083446 0,000000 85,000000 30,000000 30,000000 -20,200000
152 1504083447 0,000000 85,000000 30,000000 30,000000 -20,200000
152 1504083448 0,000000 85,000000 30,000000 30,000000 -20,200000
152 1504083449 0,000000 87,000000 30,000000 30,000000 -20,200000
152 1504083450 0,000000 87,000000 30,000000 30,000000 -20,200000
152 1504083451 0,000000 87,000000 30,000000 30,000000 -20,200000
152 1504083452 0,000000 87,000000 30,000000 30,000000 -20,200000
152 1504083453 0,000000 87,000000 30,000000 30,000000 -20,200000
152 1504083454 0,013483 89,000000 31,200000 31,200000 -20,200000
152 1504083455 0,013483 89,000000 32,400000 32,400000 -20,200000
152 1504083456 0,013483 89,000000 33,600000 33,600000 -20,200000
152 1504083457 0,013483 89,000000 34,800000 34,800000 -20,200000
152 1504083458 0,013483 89,000000 36,000000 36,000000 -20,200000
152 1504083459 0,000000 90,800000 36,000000 36,000000 -20,200000
152 1504083460 0,000000 90,800000 36,000000 36,000000 -20,200000
152 1504083461 0,000000 90,800000 36,000000 36,000000 -20,200000
152 1504083462 0,000000 90,800000 36,000000 36,000000 -20,200000
152 1504083463 0,000000 90,800000 36,000000 36,000000 -20,200000
152 1504083464 -0,002160 92,600000 35,800000 35,800000 -20,200000
152 1504083465 -0,002160 92,600000 35,600000 35,600000 -20,200000
152 1504083466 -0,002160 92,600000 35,400000 35,400000 -20,200000
152 1504083467 -0,002160 92,600000 35,200000 35,200000 -20,200000
152 1504083468 -0,002160 92,600000 35,000000 35,000000 -20,200000
152 1504083469 0,012685 94,600000 36,200000 36,200000 -20,200000
152 1504083470 0,012685 94,600000 37,400000 37,400000 -20,200000
152 1504083471 0,012685 94,600000 38,600000 38,600000 -20,200000
152 1504083472 0,012685 94,600000 39,800000 39,800000 -20,200000
152 1504083473 0,012685 94,600000 41,000000 41,000000 -20,200000
152 1504083474 0,002079 96,200000 41,200000 41,200000 -20,200000
152 1504083475 0,002079 96,200000 41,400000 41,400000 -20,200000
152 1504083476 0,002079 96,200000 41,600000 41,600000 -20,200000
152 1504083477 0,002079 96,200000 41,800000 41,800000 -20,200000
152 1504083478 0,002079 96,200000 42,000000 42,000000 -20,200000
152 1504083479 0,012195 98,400000 43,200000 43,200000 -20,200000
152 1504083480 0,012195 98,400000 44,400000 44,400000 -20,200000
152 1504083481 0,012195 98,400000 45,600000 45,600000 -20,200000
152 1504083482 0,012195 98,400000 46,800000 46,800000 -20,200000
152 1504083483 0,012195 98,400000 48,000000 48,000000 -20,200000
152 1504083484 0,000000 100,600000 48,000000 48,000000 -20,200000
152 1504083485 0,000000 100,600000 48,000000 48,000000 -20,200000
152 1504083486 0,000000 100,600000 48,000000 48,000000 -20,200000
152 1504083487 0,000000 100,600000 48,000000 48,000000 -20,200000
152 1504083488 0,000000 100,600000 48,000000 48,000000 -20,200000
152 1504083489 0,011719 102,400000 49,200000 49,200000 -20,200000
152 1504083490 0,011719 102,400000 50,400000 50,400000 -20,200000
152 1504083491 0,011719 102,400000 51,600000 51,600000 -20,200000
152 1504083492 0,011719 102,400000 52,800000 52,800000 -20,200000
152 1504083493 0,011719 102,400000 54,000000 54,000000 -20,200000
152 1504083494 0,000000 104,200000 54,000000 54,000000 -20,200000
152 1504083495 0,000000 104,200000 54,000000 54,000000 -20,200000
152 1504083496 0,000000 104,200000 54,000000 54,000000 -20,200000
152 1504083497 0,000000 104,200000 54,000000 54,000000 -20,200000
152 1504083498 0,000000 104,200000 54,000000 54,000000 -20,200000
152 1504083499 -0,005650 106,200000 53,400000 53,400000 -20,200000
152 1504083500 -0,005650 106,200000 52,800000 52,800000 -20,200000
152 1504083501 -0,005650 106,200000 52,200000 52,200000 -20,200000
152 1504083502 -0,005650 106,200000 51,600000 51,600000 -20,200000
152 1504083503 -0,005650 106,200000 51,000000 51,000000 -20,200000
152 1504083504 0,016605 108,400000 52,800000 52,800000 -20,200000
152 1504083505 0,016605 108,400000 54,600000 54,600000 -20,200000
152 1504083506 0,016605 108,400000 56,400000 56,400000 -20,200000
152 1504083507 0,016605 108,400000 58,200000 58,200000 -20,200000
152 1504083508 0,016605 108,400000 60,000000 60,000000 -20,200000
152 1504083509 -0,003630 110,200000 59,600000 59,600000 -20,200000
152 1504083510 -0,003630 110,200000 59,200000 59,200000 -20,200000
152 1504083511 -0,003630 110,200000 58,800000 58,800000 -20,200000
152 1504083512 -0,003630 110,200000 58,400000 58,400000 -20,200000
152 1504083513 -0,003630 110,200000 58,000000 58,000000 -20,200000
152 1504083514 0,003571 112,000000 58,400000 58,400000 -20,200000
152 1504083515 0,003571 112,000000 58,800000 58,800000 -20,200000
152 1504083516 0,003571 112,000000 59,200000 59,200000 -20,200000
152 1504083517 0,003571 112,000000 59,600000 59,600000 -20,200000
152 1504083518 0,003571 112,000000 60,000000 60,000000 -20,200000
152 1504083519 0,000000 114,400000 60,000000 60,000000 -20,200000
152 1504083520 0,000000 114,400000 60,000000 60,000000 -20,200000
152 1504083521 0,000000 114,400000 60,000000 60,000000 -20,200000
152 1504083522 0,000000 114,400000 60,000000 60,000000 -20,200000
152 1504083523 0,000000 114,400000 60,000000 60,000000 -20,200000
152 1504083524 -0,001718 116,400000 59,800000 59,800000 -20,200000
152 1504083525 -0,001718 116,400000 59,600000 59,600000 -20,200000
152 1504083526 -0,001718 116,400000 59,400000 59,400000 -20,200000
152 1504083527 -0,001718 116,400000 59,200000 59,200000 -20,200000
152 1504083528 -0,001718 116,400000 59,000000 59,000000 -20,200000
152 1504083529 0,000000 118,200000 59,000000 59,000000 -20,200000
152 1504083530 0,000000 118,200000 59,000000 59,000000 -20,200000
152 1504083531 0,000000 118,200000 59,000000 59,000000 -20,200000
152 1504083532 0,000000 118,200000 59,000000 59,000000 -20,200000
152 1504083533 0,000000 118,200000 59,000000 59,000000 -20,200000
152 1504083534 0,000000 120,400000 59,000000 59,000000 -20,200000
152 1504083535 0,000000 120,400000 59,000000 59,000000 -20,200000
152 1504083536 0,000000 120,400000 59,000000 59,000000 -20,200000
152 1504083537 0,000000 120,400000 59,000000 59,000000 -20,200000
152 1504083538 0,000000 120,400000 59,000000 59,000000 -20,200000
152 1504083539 0,001637 122,200000 59,200000 59,200000 -20,200000
152 1504083540 0,001637 122,200000 59,400000 59,400000 -20,200000
152 1504083541 0,001637 122,200000 59,600000 59,600000 -20,200000
152 1504083542 0,001637 122,200000 59,800000 59,800000 -20,200000
152 1504083543 0,001637 122,200000 60,000000 60,000000 -20,200000
152 1504083544 0,000000 124,000000 60,000000 60,000000 -20,200000
152 1504083545 0,000000 124,000000 60,000000 60,000000 -20,200000
152 1504083546 0,000000 124,000000 60,000000 60,000000 -20,200000
152 1504083547 0,000000 124,000000 60,000000 60,000000 -20,200000
152 1504083548 0,000000 124,000000 60,000000 60,000000 -20,200000
152 1504083549 -0,003175 126,000000 59,600000 59,600000 -20,200000
152 1504083550 -0,003175 126,000000 59,200000 59,200000 -20,200000
152 1504083551 -0,003175 126,000000 58,800000 58,800000 -20,200000
152 1504083552 -0,003175 126,000000 58,400000 58,400000 -20,200000
152 1504083553 -0,003175 126,000000 58,000000 58,000000 -20,200000
152 1504083554 0,003115 128,400000 58,400000 58,400000 -20,200000
152 1504083555 0,003115 128,400000 58,800000 58,800000 -20,200000
152 1504083556 0,003115 128,400000 59,200000 59,200000 -20,200000
152 1504083557 0,003115 128,400000 59,600000 59,600000 -20,200000
152 1504083558 0,003115 128,400000 60,000000 60,000000 -20,200000
152 1504083559 0,000000 130,200000 60,000000 60,000000 -20,200000
152 1504083560 0,000000 130,200000 60,000000 60,000000 -20,200000
152 1504083561 0,000000 130,200000 60,000000 60,000000 -20,200000
152 1504083562 0,000000 130,200000 60,000000 60,000000 -20,200000
152 1504083563 0,000000 130,200000 60,000000 60,000000 -20,200000
152 1504083564 -0,001517 131,800000 59,800000 59,800000 -20,200000
152 1504083565 -0,001517 131,800000 59,600000 59,600000 -20,200000
152 1504083566 -0,001517 131,800000 59,400000 59,400000 -20,200000
152 1504083567 -0,001517 131,800000 59,200000 59,200000 -20,200000
152 1504083568 -0,001517 131,800000 59,000000 59,000000 -20,200000
152 1504083569 -0,016369 134,400000 56,800000 56,800000 -20,200000
152 1504083570 -0,016369 134,400000 54,600000 54,600000 -20,200000
152 1504083571 -0,016369 134,400000 52,400000 52,400000 -20,200000
152 1504083572 -0,016369 134,400000 50,200000 50,200000 -20,200000
152 1504083573 -0,016369 134,400000 48,000000 48,000000 -20,200000
152 1504083574 0,016129 136,400000 50,200000 50,200000 -20,200000
152 1504083575 0,016129 136,400000 52,400000 52,400000 -20,200000
152 1504083576 0,016129 136,400000 54,600000 54,600000 -20,200000
152 1504083577 0,016129 136,400000 56,800000 56,800000 -20,200000
152 1504083578 0,016129 136,400000 59,000000 59,000000 -20,200000
152 1504083579 0,001449 138,000000 59,200000 59,200000 -20,200000
152 1504083580 0,001449 138,000000 59,400000 59,400000 -20,200000
152 1504083581 0,001449 138,000000 59,600000 59,600000 -20,200000
152 1504083582 0,001449 138,000000 59,800000 59,800000 -20,200000
152 1504083583 0,001449 138,000000 60,000000 60,000000 -20,200000
152 1504083584 -0,001431 139,800000 59,800000 59,800000 -20,200000
152 1504083585 -0,001431 139,800000 59,600000 59,600000 -20,200000
152 1504083586 -0,001431 139,800000 59,400000 59,400000 -20,200000
152 1504083587 -0,001431 139,800000 59,200000 59,200000 -20,200000
152 1504083588 -0,001431 139,800000 59,000000 59,000000 -20,200000
152 1504083589 0,001408 142,000000 59,200000 59,200000 -20,200000
152 1504083590 0,001408 142,000000 59,400000 59,400000 -20,200000
152 1504083591 0,001408 142,000000 59,600000 59,600000 -20,200000
152 1504083592 0,001408 142,000000 59,800000 59,800000 -20,200000
152 1504083593 0,001408 142,000000 60,000000 60,000000 -20,200000
152 1504083594 0,000000 144,200000 60,000000 60,000000 -20,200000
152 1504083595 0,000000 144,200000 60,000000 60,000000 -20,200000
152 1504083596 0,000000 144,200000 60,000000 60,000000 -20,200000
152 1504083597 0,000000 144,200000 60,000000 60,000000 -20,200000
152 1504083598 0,000000 144,200000 60,000000 60,000000 -20,200000
152 1504083599 0,000000 146,800000 60,000000 60,000000 -20,200000
152 1504083600 0,000000 146,800000 60,000000 60,000000 -20,200000
152 1504083601 0,000000 146,800000 60,000000 60,000000 -20,200000
152 1504083602 0,000000 146,800000 60,000000 60,000000 -20,200000
152 1504083603 0,000000 146,800000 60,000000 60,000000 -20,200000
152 1504083604 0,000000 149,000000 60,000000 60,000000 -20,200000
152 1504083605 0,000000 149,000000 60,000000 60,000000 -20,200000
152 1504083606 0,000000 149,000000 60,000000 60,000000 -20,200000
152 1504083607 0,000000 149,000000 60,000000 60,000000 -20,200000
152 1504083608 0,000000 149,000000 60,000000 60,000000 -20,200000
152 1504083609 0,000000 151,400000 60,000000 60,000000 -20,200000
152 1504083610 0,000000 151,400000 60,000000 60,000000 -20,200000
152 1504083611 0,000000 151,400000 60,000000 60,000000 -20,200000
152 1504083612 0,000000 151,400000 60,000000 60,000000 -20,200000
152 1504083613 0,000000 151,400000 60,000000 60,000000 -20,200000
152 1504083614 -0,001305 153,200000 59,800000 59,800000 -20,200000
152 1504083615 -0,001305 153,200000 59,600000 59,600000 -20,200000
152 1504083616 -0,001305 153,200000 59,400000 59,400000 -20,200000
152 1504083617 -0,001305 153,200000 59,200000 59,200000 -20,200000
152 1504083618 -0,001305 153,200000 59,000000 59,000000 -20,200000
152 1504083619 0,001289 155,200000 59,200000 59,200000 -20,200000
152 1504083620 0,001289 155,200000 59,400000 59,400000 -20,200000
152 1504083621 0,001289 155,200000 59,600000 59,600000 -20,200000
152 1504083622 0,001289 155,200000 59,800000 59,800000 -20,200000
152 1504083623 0,001289 155,200000 60,000000 60,000000 -20,200000
152 1504083624 -0,001271 157,400000 59,800000 59,800000 -20,200000
152 1504083625 -0,001271 157,400000 59,600000 59,600000 -20,200000
152 1504083626 -0,001271 157,400000 59,400000 59,400000 -20,200000
152 1504083627 -0,001271 157,400000 59,200000 59,200000 -20,200000
152 1504083628 -0,001271 157,400000 59,000000 59,000000 -20,200000
152 1504083629 0,001253 159,600000 59,200000 59,200000 -20,200000
152 1504083630 0,001253 159,600000 59,400000 59,400000 -20,200000
152 1504083631 0,001253 159,600000 59,600000 59,600000 -20,200000
152 1504083632 0,001253 159,600000 59,800000 59,800000 -20,200000
152 1504083633 0,001253 159,600000 60,000000 60,000000 -20,200000
152 1504083634 -0,001238 161,600000 59,800000 59,800000 -20,200000
152 1504083635 -0,001238 161,600000 59,600000 59,600000 -20,200000
152 1504083636 -0,001238 161,600000 59,400000 59,400000 -20,200000
152 1504083637 -0,001238 161,600000 59,200000 59,200000 -20,200000
152 1504083638 -0,001238 161,600000 59,000000 59,000000 -20,200000
152 1504083639 -0,001222 163,600000 58,800000 58,800000 -20,200000
152 1504083640 -0,001222 163,600000 58,600000 58,600000 -20,200000
152 1504083641 -0,001222 163,600000 58,400000 58,400000 -20,200000
152 1504083642 -0,001222 163,600000 58,200000 58,200000 -20,200000
152 1504083643 -0,001222 163,600000 58,000000 58,000000 -20,200000
152 1504083644 0,000000 165,600000 58,000000 58,000000 -20,200000
152 1504083645 0,000000 165,600000 58,000000 58,000000 -20,200000
152 1504083646 0,000000 165,600000 58,000000 58,000000 -20,200000
152 1504083647 0,000000 165,600000 58,000000 58,000000 -20,200000
152 1504083648 0,000000 165,600000 58,000000 58,000000 -20,200000
152 1504083649 0,001190 168,000000 58,200000 58,200000 -20,200000
152 1504083650 0,001190 168,000000 58,400000 58,400000 -20,200000
152 1504083651 0,001190 168,000000 58,600000 58,600000 -20,200000
152 1504083652 0,001190 168,000000 58,800000 58,800000 -20,200000
152 1504083653 0,001190 168,000000 59,000000 59,000000 -20,200000
152 1504083654 0,001176 170,000000 59,200000 59,200000 -20,200000
152 1504083655 0,001176 170,000000 59,400000 59,400000 -20,200000
152 1504083656 0,001176 170,000000 59,600000 59,600000 -20,200000
152 1504083657 0,001176 170,000000 59,800000 59,800000 -20,200000
152 1504083658 0,001176 170,000000 60,000000 60,000000 -20,200000
152 1504083659 -0,004651 172,000000 59,200000 59,200000 -20,200000
152 1504083660 -0,004651 172,000000 58,400000 58,400000 -20,200000
152 1504083661 -0,004651 172,000000 57,600000 57,600000 -20,200000
152 1504083662 -0,004651 172,000000 56,800000 56,800000 -20,200000
152 1504083663 -0,004651 172,000000 56,000000 56,000000 -20,200000
152 1504083664 0,003444 174,200000 56,600000 56,600000 -20,200000
152 1504083665 0,003444 174,200000 57,200000 57,200000 -20,200000
152 1504083666 0,003444 174,200000 57,800000 57,800000 -20,200000
152 1504083667 0,003444 174,200000 58,400000 58,400000 -20,200000
152 1504083668 0,003444 174,200000 59,000000 59,000000 -20,200000
152 1504083669 0,001138 175,800000 59,200000 59,200000 -20,200000
152 1504083670 0,001138 175,800000 59,400000 59,400000 -20,200000
152 1504083671 0,001138 175,800000 59,600000 59,600000 -20,200000
152 1504083672 0,001138 175,800000 59,800000 59,800000 -20,200000
152 1504083673 0,001138 175,800000 60,000000 60,000000 -20,200000
152 1504083674 -0,002245 178,200000 59,600000 59,600000 -20,200000
152 1504083675 -0,002245 178,200000 59,200000 59,200000 -20,200000
152 1504083676 -0,002245 178,200000 58,800000 58,800000 -20,200000
152 1504083677 -0,002245 178,200000 58,400000 58,400000 -20,200000
152 1504083678 -0,002245 178,200000 58,000000 58,000000 -20,200000
152 1504083679 0,001111 180,000000 58,200000 58,200000 -20,200000
152 1504083680 0,001111 180,000000 58,400000 58,400000 -20,200000
152 1504083681 0,001111 180,000000 58,600000 58,600000 -20,200000
152 1504083682 0,001111 180,000000 58,800000 58,800000 -20,200000
152 1504083683 0,001111 180,000000 59,000000 59,000000 -20,200000
152 1504083684 0,006586 182,200000 60,200000 60,200000 -20,200000
152 1504083685 0,006586 182,200000 61,400000 61,400000 -20,200000
152 1504083686 0,006586 182,200000 62,600000 62,600000 -20,200000
152 1504083687 0,006586 182,200000 63,800000 63,800000 -20,200000
152 1504083688 0,006586 182,200000 65,000000 65,000000 -20,200000
152 1504083689 0,000000 183,800000 65,000000 65,000000 -20,200000
152 1504083690 0,000000 183,800000 65,000000 65,000000 -20,200000
152 1504083691 0,000000 183,800000 65,000000 65,000000 -20,200000
152 1504083692 0,000000 183,800000 65,000000 65,000000 -20,200000
152 1504083693 0,000000 183,800000 65,000000 65,000000 -20,200000
152 1504083694 0,000000 184,000000 65,000000 65,000000 -20,200000
152 1504083695 0,000000 184,000000 65,000000 65,000000 -20,200000
152 1504083696 0,000000 184,000000 65,000000 65,000000 -20,200000
152 1504083697 0,000000 184,000000 65,000000 65,000000 -20,200000
152 1504083698 0,000000 184,000000 65,000000 65,000000 -20,200000
152 1504083699 -0,006397 187,600000 63,800000 63,800000 -20,200000
152 1504083700 -0,006397 187,600000 62,600000 62,600000 -20,200000
152 1504083701 -0,006397 187,600000 61,400000 61,400000 -20,200000
152 1504083702 -0,006397 187,600000 60,200000 60,200000 -20,200000
152 1504083703 -0,006397 187,600000 59,000000 59,000000 -20,200000
152 1504083704 0,012632 190,000000 61,400000 61,400000 -20,200000
152 1504083705 0,012632 190,000000 63,800000 63,800000 -20,200000
152 1504083706 0,012632 190,000000 66,200000 66,200000 -20,200000
152 1504083707 0,012632 190,000000 68,600000 68,600000 -20,200000
152 1504083708 0,012632 190,000000 71,000000 71,000000 -20,200000
152 1504083709 0,004158 192,400000 71,800000 71,800000 -20,200000
152 1504083710 0,004158 192,400000 72,600000 72,600000 -20,200000
152 1504083711 0,004158 192,400000 73,400000 73,400000 -20,200000
152 1504083712 0,004158 192,400000 74,200000 74,200000 -20,200000
152 1504083713 0,004158 192,400000 75,000000 75,000000 -20,200000
152 1504083714 0,003071 195,400000 75,600000 75,600000 -20,200000
152 1504083715 0,003071 195,400000 76,200000 76,200000 -20,200000
152 1504083716 0,003071 195,400000 76,800000 76,800000 -20,200000
152 1504083717 0,003071 195,400000 77,400000 77,400000 -20,200000
152 1504083718 0,003071 195,400000 78,000000 78,000000 -20,200000
152 1504083719 0,003033 197,800000 78,600000 78,600000 -20,200000
152 1504083720 0,003033 197,800000 79,200000 79,200000 -20,200000
152 1504083721 0,003033 197,800000 79,800000 79,800000 -20,200000
152 1504083722 0,003033 197,800000 80,400000 80,400000 -20,200000
152 1504083723 0,003033 197,800000 81,000000 81,000000 -20,200000
152 1504083724 -0,003992 200,400000 80,200000 80,200000 -20,200000
152 1504083725 -0,003992 200,400000 79,400000 79,400000 -20,200000
152 1504083726 -0,003992 200,400000 78,600000 78,600000 -20,200000
152 1504083727 -0,003992 200,400000 77,800000 77,800000 -20,200000
152 1504083728 -0,003992 200,400000 77,000000 77,000000 -20,200000
152 1504083729 0,005917 202,800000 78,200000 78,200000 -20,200000
152 1504083730 0,005917 202,800000 79,400000 79,400000 -20,200000
152 1504083731 0,005917 202,800000 80,600000 80,600000 -20,200000
152 1504083732 0,005917 202,800000 81,800000 81,800000 -20,200000
152 1504083733 0,005917 202,800000 83,000000 83,000000 -20,200000
152 1504083734 0,003906 204,800000 83,800000 83,800000 -20,200000
152 1504083735 0,003906 204,800000 84,600000 84,600000 -20,200000
152 1504083736 0,003906 204,800000 85,400000 85,400000 -20,200000
152 1504083737 0,003906 204,800000 86,200000 86,200000 -20,200000
152 1504083738 0,003906 204,800000 87,000000 87,000000 -20,200000
152 1504083739 -0,000963 207,600000 86,800000 86,800000 -20,200000
152 1504083740 -0,000963 207,600000 86,600000 86,600000 -20,200000
152 1504083741 -0,000963 207,600000 86,400000 86,400000 -20,200000
152 1504083742 -0,000963 207,600000 86,200000 86,200000 -20,200000
152 1504083743 -0,000963 207,600000 86,000000 86,000000 -20,200000
152 1504083744 0,000000 209,800000 86,000000 86,000000 -20,200000
152 1504083745 0,000000 209,800000 86,000000 86,000000 -20,200000
152 1504083746 0,000000 209,800000 86,000000 86,000000 -20,200000
152 1504083747 0,000000 209,800000 86,000000 86,000000 -20,200000
152 1504083748 0,000000 209,800000 86,000000 86,000000 -20,200000
152 1504083749 0,002828 212,200000 86,600000 86,600000 -20,200000
152 1504083750 0,002828 212,200000 87,200000 87,200000 -20,200000
152 1504083751 0,002828 212,200000 87,800000 87,800000 -20,200000
152 1504083752 0,002828 212,200000 88,400000 88,400000 -20,200000
152 1504083753 0,002828 212,200000 89,000000 89,000000 -20,200000
152 1504083754 0,000000 214,800000 89,000000 89,000000 -20,200000
152 1504083755 0,000000 214,800000 89,000000 89,000000 -20,200000
152 1504083756 0,000000 214,800000 89,000000 89,000000 -20,200000
152 1504083757 0,000000 214,800000 89,000000 89,000000 -20,200000
152 1504083758 0,000000 214,800000 89,000000 89,000000 -20,200000
152 1504083759 -0,000923 216,800000 88,800000 88,800000 -20,200000
152 1504083821 0,000000 0,333333 86,000000 86,000000 3400,333333
152 1504083820 0,000000 0,333333 86,000000 86,000000 3400,333333
152 1504083819 0,000000 0,333333 86,000000 86,000000 3400,333333
152 1504083818 0,000000 0,200000 86,000000 86,000000 2040,200000
152 1504083817 0,000000 0,200000 86,000000 86,000000 2040,200000
152 1504083816 0,000000 0,200000 86,000000 86,000000 2040,200000
152 1504083815 0,000000 0,200000 86,000000 86,000000 2040,200000
152 1504083814 0,000000 0,200000 86,000000 86,000000 2040,200000
152 1504083813 -4,000000 0,200000 86,000000 86,000000 2040,328000
152 1504083812 -4,000000 0,200000 86,800000 86,800000 2040,328000
152 1504083811 -4,000000 0,200000 87,600000 87,600000 2040,328000
152 1504083810 -4,000000 0,200000 88,400000 88,400000 2040,328000
152 1504083809 -4,000000 0,200000 89,200000 89,200000 2040,328000
152 1504083808 7,000000 0,200000 90,000000 90,000000 2040,592000
152 1504083807 7,000000 0,200000 88,600000 88,600000 2040,592000
152 1504083806 7,000000 0,200000 87,200000 87,200000 2040,592000
152 1504083805 7,000000 0,200000 85,800000 85,800000 2040,592000
152 1504083804 7,000000 0,200000 84,400000 84,400000 2040,592000
152 1504083803 -3,000000 0,200000 83,000000 83,000000 2040,272000
152 1504083802 -3,000000 0,200000 83,600000 83,600000 2040,272000
152 1504083801 -3,000000 0,200000 84,200000 84,200000 2040,272000
152 1504083800 -3,000000 0,200000 84,800000 84,800000 2040,272000
152 1504083799 -3,000000 0,200000 85,400000 85,400000 2040,272000
152 1504083798 -4,000000 0,200000 86,000000 86,000000 2040,328000
152 1504083797 -4,000000 0,200000 86,800000 86,800000 2040,328000
152 1504083796 -4,000000 0,200000 87,600000 87,600000 2040,328000
152 1504083795 -4,000000 0,200000 88,400000 88,400000 2040,328000
152 1504083794 -4,000000 0,200000 89,200000 89,200000 2040,328000
152 1504083793 3,000000 0,200000 90,000000 90,000000 2040,272000
152 1504083792 3,000000 0,200000 89,400000 89,400000 2040,272000
152 1504083791 3,000000 0,200000 88,800000 88,800000 2040,272000
152 1504083790 3,000000 0,200000 88,200000 88,200000 2040,272000
152 1504083789 3,000000 0,200000 87,600000 87,600000 2040,272000
152 1504083788 -2,000000 0,200000 87,000000 87,000000 2040,232000
152 1504083787 -2,000000 0,200000 87,400000 87,400000 2040,232000
152 1504083786 -2,000000 0,200000 87,800000 87,800000 2040,232000
152 1504083785 -2,000000 0,200000 88,200000 88,200000 2040,232000
152 1504083784 -2,000000 0,200000 88,600000 88,600000 2040,232000
152 1504083783 5,000000 0,200000 89,000000 89,000000 2040,400000
152 1504083782 5,000000 0,200000 88,000000 88,000000 2040,400000
152 1504083781 5,000000 0,200000 87,000000 87,000000 2040,400000
152 1504083780 5,000000 0,200000 86,000000 86,000000 2040,400000
152 1504083779 5,000000 0,200000 85,000000 85,000000 2040,400000
152 1504083778 -2,000000 0,200000 84,000000 84,000000 2040,232000
152 1504083777 -2,000000 0,200000 84,400000 84,400000 2040,232000
152 1504083776 -2,000000 0,200000 84,800000 84,800000 2040,232000
152 1504083775 -2,000000 0,200000 85,200000 85,200000 2040,232000
152 1504083774 -2,000000 0,200000 85,600000 85,600000 2040,232000
152 1504083773 -2,000000 0,200000 86,000000 86,000000 2040,232000
152 1504083772 -2,000000 0,200000 86,400000 86,400000 2040,232000
152 1504083771 -2,000000 0,200000 86,800000 86,800000 2040,232000
152 1504083770 -2,000000 0,200000 87,200000 87,200000 2040,232000
152 1504083769 -2,000000 0,200000 87,600000 87,600000 2040,232000
152 1504083768 0,000000 0,200000 88,000000 88,000000 2040,200000
152 1504083767 0,000000 0,200000 88,000000 88,000000 2040,200000
152 1504083766 0,000000 0,200000 88,000000 88,000000 2040,200000
152 1504083765 0,000000 0,200000 88,000000 88,000000 2040,200000
152 1504083764 0,000000 0,200000 88,000000 88,000000 2040,200000
152 1504083763 -1,000000 0,200000 88,000000 88,000000 2040,208000
152 1504083762 -1,000000 0,200000 88,200000 88,200000 2040,208000
152 1504083761 -1,000000 0,200000 88,400000 88,400000 2040,208000
152 1504083760 -1,000000 0,200000 88,600000 88,600000 2040,208000
152 1504083760 -0,000923 216,800000 88,600000 88,600000 -20,200000
152 1504083761 -0,000923 216,800000 88,400000 88,400000 -20,200000
152 1504083762 -0,000923 216,800000 88,200000 88,200000 -20,200000
152 1504083763 -0,000923 216,800000 88,000000 88,000000 -20,200000
152 1504083764 0,000000 218,800000 88,000000 88,000000 -20,200000
152 1504083765 0,000000 218,800000 88,000000 88,000000 -20,200000
152 1504083766 0,000000 218,800000 88,000000 88,000000 -20,200000
152 1504083767 0,000000 218,800000 88,000000 88,000000 -20,200000
152 1504083768 0,000000 218,800000 88,000000 88,000000 -20,200000
152 1504083769 -0,001810 221,000000 87,600000 87,600000 -20,200000
152 1504083770 -0,001810 221,000000 87,200000 87,200000 -20,200000
152 1504083771 -0,001810 221,000000 86,800000 86,800000 -20,200000
152 1504083772 -0,001810 221,000000 86,400000 86,400000 -20,200000
152 1504083773 -0,001810 221,000000 86,000000 86,000000 -20,200000
152 1504083774 -0,001786 224,000000 85,600000 85,600000 -20,200000
152 1504083775 -0,001786 224,000000 85,200000 85,200000 -20,200000
152 1504083776 -0,001786 224,000000 84,800000 84,800000 -20,200000
152 1504083777 -0,001786 224,000000 84,400000 84,400000 -20,200000
152 1504083778 -0,001786 224,000000 84,000000 84,000000 -20,200000
152 1504083779 0,004417 226,400000 85,000000 85,000000 -20,200000
152 1504083780 0,004417 226,400000 86,000000 86,000000 -20,200000
152 1504083781 0,004417 226,400000 87,000000 87,000000 -20,200000
152 1504083782 0,004417 226,400000 88,000000 88,000000 -20,200000
152 1504083783 0,004417 226,400000 89,000000 89,000000 -20,200000
152 1504083784 -0,001748 228,800000 88,600000 88,600000 -20,200000
152 1504083785 -0,001748 228,800000 88,200000 88,200000 -20,200000
152 1504083786 -0,001748 228,800000 87,800000 87,800000 -20,200000
152 1504083787 -0,001748 228,800000 87,400000 87,400000 -20,200000
152 1504083788 -0,001748 228,800000 87,000000 87,000000 -20,200000
152 1504083789 0,002604 230,400000 87,600000 87,600000 -20,200000
152 1504083790 0,002604 230,400000 88,200000 88,200000 -20,200000
152 1504083791 0,002604 230,400000 88,800000 88,800000 -20,200000
152 1504083792 0,002604 230,400000 89,400000 89,400000 -20,200000
152 1504083793 0,002604 230,400000 90,000000 90,000000 -20,200000
152 1504083794 -0,003422 233,800000 89,200000 89,200000 -20,200000
152 1504083795 -0,003422 233,800000 88,400000 88,400000 -20,200000
152 1504083796 -0,003422 233,800000 87,600000 87,600000 -20,200000
152 1504083797 -0,003422 233,800000 86,800000 86,800000 -20,200000
152 1504083798 -0,003422 233,800000 86,000000 86,000000 -20,200000
152 1504083799 -0,002540 236,200000 85,400000 85,400000 -20,200000
152 1504083800 -0,002540 236,200000 84,800000 84,800000 -20,200000
152 1504083801 -0,002540 236,200000 84,200000 84,200000 -20,200000
152 1504083802 -0,002540 236,200000 83,600000 83,600000 -20,200000
152 1504083803 -0,002540 236,200000 83,000000 83,000000 -20,200000
152 1504083804 0,005858 239,000000 84,400000 84,400000 -20,200000
152 1504083805 0,005858 239,000000 85,800000 85,800000 -20,200000
152 1504083806 0,005858 239,000000 87,200000 87,200000 -20,200000
152 1504083807 0,005858 239,000000 88,600000 88,600000 -20,200000
152 1504083808 0,005858 239,000000 90,000000 90,000000 -20,200000
152 1504083809 -0,003314 241,400000 89,200000 89,200000 -20,200000
152 1504083810 -0,003314 241,400000 88,400000 88,400000 -20,200000
152 1504083811 -0,003314 241,400000 87,600000 87,600000 -20,200000
152 1504083812 -0,003314 241,400000 86,800000 86,800000 -20,200000
152 1504083813 -0,003314 241,400000 86,000000 86,000000 -20,200000
152 1504083814 0,000000 243,200000 86,000000 86,000000 -20,200000
152 1504083815 0,000000 243,200000 86,000000 86,000000 -20,200000
152 1504083816 0,000000 243,200000 86,000000 86,000000 -20,200000
152 1504083817 0,000000 243,200000 86,000000 86,000000 -20,200000
152 1504083818 0,000000 243,200000 86,000000 86,000000 -20,200000
152 1504083819 -0,000812 246,200000 85,800000 85,800000 -20,200000
152 1504083820 -0,000812 246,200000 85,600000 85,600000 -20,200000
152 1504083821 -0,000812 246,200000 85,400000 85,400000 -20,200000
152 1504083822 -0,000812 246,200000 85,200000 85,200000 -20,200000
152 1504083823 -0,000812 246,200000 85,000000 85,000000 -20,200000
152 1504083824 -0,001606 249,000000 84,600000 84,600000 -20,200000
152 1504083825 -0,001606 249,000000 84,200000 84,200000 -20,200000
152 1504083826 -0,001606 249,000000 83,800000 83,800000 -20,200000
152 1504083827 -0,001606 249,000000 83,400000 83,400000 -20,200000
152 1504083828 -0,001606 249,000000 83,000000 83,000000 -20,200000
152 1504083829 0,004773 251,400000 84,200000 84,200000 -20,200000
152 1504083830 0,004773 251,400000 85,400000 85,400000 -20,200000
152 1504083831 0,004773 251,400000 86,600000 86,600000 -20,200000
152 1504083832 0,004773 251,400000 87,800000 87,800000 -20,200000
152 1504083833 0,004773 251,400000 89,000000 89,000000 -20,200000
152 1504083834 -0,006314 253,400000 87,400000 87,400000 -20,200000
152 1504083835 -0,006314 253,400000 85,800000 85,800000 -20,200000
152 1504083836 -0,006314 253,400000 84,200000 84,200000 -20,200000
152 1504083837 -0,006314 253,400000 82,600000 82,600000 -20,200000
152 1504083838 -0,006314 253,400000 81,000000 81,000000 -20,200000
152 1504083839 0,006255 255,800000 82,600000 82,600000 -20,200000
152 1504083840 0,006255 255,800000 84,200000 84,200000 -20,200000
152 1504083841 0,006255 255,800000 85,800000 85,800000 -20,200000
152 1504083842 0,006255 255,800000 87,400000 87,400000 -20,200000
152 1504083843 0,006255 255,800000 89,000000 89,000000 -20,200000
152 1504083844 -0,001550 258,000000 88,600000 88,600000 -20,200000
152 1504083845 -0,001550 258,000000 88,200000 88,200000 -20,200000
152 1504083846 -0,001550 258,000000 87,800000 87,800000 -20,200000
152 1504083847 -0,001550 258,000000 87,400000 87,400000 -20,200000
152 1504083848 -0,001550 258,000000 87,000000 87,000000 -20,200000
152 1504083849 0,000000 260,200000 87,000000 87,000000 -20,200000
152 1504083850 0,000000 260,200000 87,000000 87,000000 -20,200000
152 1504083851 0,000000 260,200000 87,000000 87,000000 -20,200000
152 1504083852 0,000000 260,200000 87,000000 87,000000 -20,200000
152 1504083853 0,000000 260,200000 87,000000 87,000000 -20,200000
152 1504083854 -0,003049 262,400000 86,200000 86,200000 -20,200000
152 1504083855 -0,003049 262,400000 85,400000 85,400000 -20,200000
152 1504083856 -0,003049 262,400000 84,600000 84,600000 -20,200000
152 1504083857 -0,003049 262,400000 83,800000 83,800000 -20,200000
152 1504083858 -0,003049 262,400000 83,000000 83,000000 -20,200000
152 1504083859 0,000754 265,400000 83,200000 83,200000 -20,200000
152 1504083860 0,000754 265,400000 83,400000 83,400000 -20,200000
152 1504083861 0,000754 265,400000 83,600000 83,600000 -20,200000
152 1504083862 0,000754 265,400000 83,800000 83,800000 -20,200000
152 1504083863 0,000754 265,400000 84,000000 84,000000 -20,200000
152 1504083864 -0,000747 267,800000 83,800000 83,800000 -20,200000
152 1504083865 -0,000747 267,800000 83,600000 83,600000 -20,200000
152 1504083866 -0,000747 267,800000 83,400000 83,400000 -20,200000
152 1504083867 -0,000747 267,800000 83,200000 83,200000 -20,200000
152 1504083868 -0,000747 267,800000 83,000000 83,000000 -20,200000
152 1504083869 0,003701 270,200000 84,000000 84,000000 -20,200000
152 1504083870 0,003701 270,200000 85,000000 85,000000 -20,200000
152 1504083871 0,003701 270,200000 86,000000 86,000000 -20,200000
152 1504083872 0,003701 270,200000 87,000000 87,000000 -20,200000
152 1504083873 0,003701 270,200000 88,000000 88,000000 -20,200000
152 1504083874 -0,002201 272,600000 87,400000 87,400000 -20,200000
152 1504083875 -0,002201 272,600000 86,800000 86,800000 -20,200000
152 1504083876 -0,002201 272,600000 86,200000 86,200000 -20,200000
152 1504083877 -0,002201 272,600000 85,600000 85,600000 -20,200000
152 1504083878 -0,002201 272,600000 85,000000 85,000000 -20,200000
152 1504083879 0,002182 275,000000 85,600000 85,600000 -20,200000
152 1504083880 0,002182 275,000000 86,200000 86,200000 -20,200000
152 1504083881 0,002182 275,000000 86,800000 86,800000 -20,200000
152 1504083882 0,002182 275,000000 87,400000 87,400000 -20,200000
152 1504083883 0,002182 275,000000 88,000000 88,000000 -20,200000
152 1504083884 -0,000721 277,400000 87,800000 87,800000 -20,200000
152 1504083885 -0,000721 277,400000 87,600000 87,600000 -20,200000
152 1504083886 -0,000721 277,400000 87,400000 87,400000 -20,200000
152 1504083887 -0,000721 277,400000 87,200000 87,200000 -20,200000
152 1504083888 -0,000721 277,400000 87,000000 87,000000 -20,200000
152 1504083889 -0,000713 280,600000 86,800000 86,800000 -20,200000
152 1504083890 -0,000713 280,600000 86,600000 86,600000 -20,200000
152 1504083891 -0,000713 280,600000 86,400000 86,400000 -20,200000
152 1504083892 -0,000713 280,600000 86,200000 86,200000 -20,200000
152 1504083893 -0,000713 280,600000 86,000000 86,000000 -20,200000
152 1504083894 0,000708 282,600000 86,200000 86,200000 -20,200000
152 1504083895 0,000708 282,600000 86,400000 86,400000 -20,200000
152 1504083896 0,000708 282,600000 86,600000 86,600000 -20,200000
152 1504083897 0,000708 282,600000 86,800000 86,800000 -20,200000
152 1504083898 0,000708 282,600000 87,000000 87,000000 -20,200000
152 1504083899 -0,000701 285,400000 86,800000 86,800000 -20,200000
152 1504083900 -0,000701 285,400000 86,600000 86,600000 -20,200000
152 1504083901 -0,000701 285,400000 86,400000 86,400000 -20,200000
152 1504083902 -0,000701 285,400000 86,200000 86,200000 -20,200000
152 1504083903 -0,000701 285,400000 86,000000 86,000000 -20,200000
152 1504083904 0,002083 288,000000 86,600000 86,600000 -20,200000
152 1504083905 0,002083 288,000000 87,200000 87,200000 -20,200000
152 1504083906 0,002083 288,000000 87,800000 87,800000 -20,200000
152 1504083907 0,002083 288,000000 88,400000 88,400000 -20,200000
152 1504083908 0,002083 288,000000 89,000000 89,000000 -20,200000
152 1504083909 0,002757 290,200000 89,800000 89,800000 -20,200000
152 1504083910 0,002757 290,200000 90,600000 90,600000 -20,200000
152 1504083911 0,002757 290,200000 91,400000 91,400000 -20,200000
152 1504083912 0,002757 290,200000 92,200000 92,200000 -20,200000
152 1504083913 0,002757 290,200000 93,000000 93,000000 -20,200000
152 1504083914 -0,004798 291,800000 91,600000 91,600000 -20,200000
152 1504083915 -0,004798 291,800000 90,200000 90,200000 -20,200000
152 1504083916 -0,004798 291,800000 88,800000 88,800000 -20,200000
152 1504083917 -0,004798 291,800000 87,400000 87,400000 -20,200000
152 1504083918 -0,004798 291,800000 86,000000 86,000000 -20,200000
152 1504083919 0,006114 294,400000 87,800000 87,800000 -20,200000
152 1504083920 0,006114 294,400000 89,600000 89,600000 -20,200000
152 1504083921 0,006114 294,400000 91,400000 91,400000 -20,200000
152 1504083922 0,006114 294,400000 93,200000 93,200000 -20,200000
152 1504083923 0,006114 294,400000 95,000000 95,000000 -20,200000
152 1504083924 0,000000 297,200000 95,000000 95,000000 -20,200000
152 1504083925 0,000000 297,200000 95,000000 95,000000 -20,200000
152 1504083926 0,000000 297,200000 95,000000 95,000000 -20,200000
152 1504083927 0,000000 297,200000 95,000000 95,000000 -20,200000
152 1504083928 0,000000 297,200000 95,000000 95,000000 -20,200000
152 1504083929 0,003342 299,200000 96,000000 96,000000 -20,200000
152 1504083930 0,003342 299,200000 97,000000 97,000000 -20,200000
152 1504083931 0,003342 299,200000 98,000000 98,000000 -20,200000
152 1504083932 0,003342 299,200000 99,000000 99,000000 -20,200000
152 1504083933 0,003342 299,200000 100,000000 100,000000 -20,200000
152 1504083934 -0,000664 301,400000 99,800000 99,800000 -20,200000
152 1504083935 -0,000664 301,400000 99,600000 99,600000 -20,200000
152 1504083936 -0,000664 301,400000 99,400000 99,400000 -20,200000
152 1504083937 -0,000664 301,400000 99,200000 99,200000 -20,200000
152 1504083938 -0,000664 301,400000 99,000000 99,000000 -20,200000
152 1504083939 0,002628 304,400000 99,800000 99,800000 -20,200000
152 1504083940 0,002628 304,400000 100,600000 100,600000 -20,200000
152 1504083941 0,002628 304,400000 101,400000 101,400000 -20,200000
152 1504083942 0,002628 304,400000 102,200000 102,200000 -20,200000
152 1504083943 0,002628 304,400000 103,000000 103,000000 -20,200000
152 1504083944 -0,002608 306,800000 102,200000 102,200000 -20,200000
152 1504083945 -0,002608 306,800000 101,400000 101,400000 -20,200000
152 1504083946 -0,002608 306,800000 100,600000 100,600000 -20,200000
152 1504083947 -0,002608 306,800000 99,800000 99,800000 -20,200000
152 1504083948 -0,002608 306,800000 99,000000 99,000000 -20,200000
152 1504083949 0,003873 309,800000 100,200000 100,200000 -20,200000
152 1504083950 0,003873 309,800000 101,400000 101,400000 -20,200000
152 1504083951 0,003873 309,800000 102,600000 102,600000 -20,200000
152 1504083952 0,003873 309,800000 103,800000 103,800000 -20,200000
152 1504083953 0,003873 309,800000 105,000000 105,000000 -20,200000
152 1504083954 -0,007697 311,800000 102,600000 102,600000 -20,200000
152 1504083955 -0,007697 311,800000 100,200000 100,200000 -20,200000
152 1504083956 -0,007697 311,800000 97,800000 97,800000 -20,200000
152 1504083957 -0,007697 311,800000 95,400000 95,400000 -20,200000
152 1504083958 -0,007697 311,800000 93,000000 93,000000 -20,200000
152 1504083959 0,009512 315,400000 96,000000 96,000000 -20,200000
152 1504083960 0,009512 315,400000 99,000000 99,000000 -20,200000
152 1504083961 0,009512 315,400000 102,000000 102,000000 -20,200000
152 1504083962 0,009512 315,400000 105,000000 105,000000 -20,200000
152 1504083963 0,009512 315,400000 108,000000 108,000000 -20,200000
152 1504083964 0,000628 318,600000 108,200000 108,200000 -20,200000
152 1504083965 0,000628 318,600000 108,400000 108,400000 -20,200000
152 1504083966 0,000628 318,600000 108,600000 108,600000 -20,200000
152 1504083967 0,000628 318,600000 108,800000 108,800000 -20,200000
152 1504083968 0,000628 318,600000 109,000000 109,000000 -20,200000
152 1504083969 -0,007472 321,200000 106,600000 106,600000 -20,200000
152 1504083970 -0,007472 321,200000 104,200000 104,200000 -20,200000
152 1504083971 -0,007472 321,200000 101,800000 101,800000 -20,200000
152 1504083972 -0,007472 321,200000 99,400000 99,400000 -20,200000
152 1504083973 -0,007472 321,200000 97,000000 97,000000 -20,200000
152 1504083974 0,005556 324,000000 98,800000 98,800000 -20,200000
152 1504083975 0,005556 324,000000 100,600000 100,600000 -20,200000
152 1504083976 0,005556 324,000000 102,400000 102,400000 -20,200000
152 1504083977 0,005556 324,000000 104,200000 104,200000 -20,200000
152 1504083978 0,005556 324,000000 106,000000 106,000000 -20,200000
152 1504083979 -0,002448 326,800000 105,200000 105,200000 -20,200000
152 1504083980 -0,002448 326,800000 104,400000 104,400000 -20,200000
152 1504083981 -0,002448 326,800000 103,600000 103,600000 -20,200000
152 1504083982 -0,002448 326,800000 102,800000 102,800000 -20,200000
152 1504083983 -0,002448 326,800000 102,000000 102,000000 -20,200000
152 1504083984 -0,000606 329,800000 101,800000 101,800000 -20,200000
152 1504083985 -0,000606 329,800000 101,600000 101,600000 -20,200000
152 1504083986 -0,000606 329,800000 101,400000 101,400000 -20,200000
152 1504083987 -0,000606 329,800000 101,200000 101,200000 -20,200000
152 1504083988 -0,000606 329,800000 101,000000 101,000000 -20,200000
152 1504083989 0,000600 333,600000 101,200000 101,200000 -20,200000
152 1504083990 0,000600 333,600000 101,400000 101,400000 -20,200000
152 1504083991 0,000600 333,600000 101,600000 101,600000 -20,200000
152 1504083992 0,000600 333,600000 101,800000 101,800000 -20,200000
152 1504083993 0,000600 333,600000 102,000000 102,000000 -20,200000
152 1504083994 0,006540 336,400000 104,200000 104,200000 -20,200000
152 1504083995 0,006540 336,400000 106,400000 106,400000 -20,200000
152 1504083996 0,006540 336,400000 108,600000 108,600000 -20,200000
152 1504083997 0,006540 336,400000 110,800000 110,800000 -20,200000
152 1504083998 0,006540 336,400000 113,000000 113,000000 -20,200000
152 1504083999 -0,006505 338,200000 110,800000 110,800000 -20,200000
152 1504084000 -0,006505 338,200000 108,600000 108,600000 -20,200000
152 1504084001 -0,006505 338,200000 106,400000 106,400000 -20,200000
152 1504084002 -0,006505 338,200000 104,200000 104,200000 -20,200000
152 1504084003 -0,006505 338,200000 102,000000 102,000000 -20,200000
152 1504084004 0,000000 342,000000 102,000000 102,000000 -20,200000
152 1504084005 0,000000 342,000000 102,000000 102,000000 -20,200000
152 1504084006 0,000000 342,000000 102,000000 102,000000 -20,200000
152 1504084007 0,000000 342,000000 102,000000 102,000000 -20,200000
152 1504084008 0,000000 342,000000 102,000000 102,000000 -20,200000
152 1504084009 0,000000 345,000000 102,000000 102,000000 -20,200000
152 1504084010 0,000000 345,000000 102,000000 102,000000 -20,200000
152 1504084011 0,000000 345,000000 102,000000 102,000000 -20,200000
152 1504084012 0,000000 345,000000 102,000000 102,000000 -20,200000
152 1504084013 0,000000 345,000000 102,000000 102,000000 -20,200000
152 1504084014 0,001149 348,000000 102,400000 102,400000 -20,200000
152 1504084015 0,001149 348,000000 102,800000 102,800000 -20,200000
152 1504084016 0,001149 348,000000 103,200000 103,200000 -20,200000
152 1504084017 0,001149 348,000000 103,600000 103,600000 -20,200000
152 1504084018 0,001149 348,000000 104,000000 104,000000 -20,200000
152 1504084019 -0,001139 351,200000 103,600000 103,600000 -20,200000
152 1504084020 -0,001139 351,200000 103,200000 103,200000 -20,200000
152 1504084021 -0,001139 351,200000 102,800000 102,800000 -20,200000
152 1504084022 -0,001139 351,200000 102,400000 102,400000 -20,200000
152 1504084023 -0,001139 351,200000 102,000000 102,000000 -20,200000
152 1504084024 -0,002259 354,200000 101,200000 101,200000 -20,200000
152 1504084025 -0,002259 354,200000 100,400000 100,400000 -20,200000
152 1504084026 -0,002259 354,200000 99,600000 99,600000 -20,200000
152 1504084027 -0,002259 354,200000 98,800000 98,800000 -20,200000
152 1504084028 -0,002259 354,200000 98,000000 98,000000 -20,200000
152 1504084029 0,006142 358,200000 100,200000 100,200000 -20,200000
152 1504084030 0,006142 358,200000 102,400000 102,400000 -20,200000
152 1504084031 0,006142 358,200000 104,600000 104,600000 -20,200000
152 1504084032 0,006142 358,200000 106,800000 106,800000 -20,200000
152 1504084033 0,006142 358,200000 109,000000 109,000000 -20,200000
152 1504084034 -0,003882 360,600000 107,600000 107,600000 -20,200000
152 1504084035 -0,003882 360,600000 106,200000 106,200000 -20,200000
152 1504084036 -0,003882 360,600000 104,800000 104,800000 -20,200000
152 1504084037 -0,003882 360,600000 103,400000 103,400000 -20,200000
152 1504084038 -0,003882 360,600000 102,000000 102,000000 -20,200000
152 1504084039 0,003848 363,800000 103,400000 103,400000 -20,200000
152 1504084040 0,003848 363,800000 104,800000 104,800000 -20,200000
152 1504084041 0,003848 363,800000 106,200000 106,200000 -20,200000
152 1504084042 0,003848 363,800000 107,600000 107,600000 -20,200000
152 1504084043 0,003848 363,800000 109,000000 109,000000 -20,200000
152 1504084044 -0,003823 366,200000 107,600000 107,600000 -20,200000
152 1504084045 -0,003823 366,200000 106,200000 106,200000 -20,200000
152 1504084046 -0,003823 366,200000 104,800000 104,800000 -20,200000
152 1504084047 -0,003823 366,200000 103,400000 103,400000 -20,200000
152 1504084048 -0,003823 366,200000 102,000000 102,000000 -20,200000
152 1504084049 -0,001623 369,600000 101,400000 101,400000 -20,200000
152 1504084050 -0,001623 369,600000 100,800000 100,800000 -20,200000
152 1504084051 -0,001623 369,600000 100,200000 100,200000 -20,200000
152 1504084052 -0,001623 369,600000 99,600000 99,600000 -20,200000
152 1504084053 -0,001623 369,600000 99,000000 99,000000 -20,200000
152 1504084054 -0,000536 373,000000 98,800000 98,800000 -20,200000
152 1504084055 -0,000536 373,000000 98,600000 98,600000 -20,200000
152 1504084056 -0,000536 373,000000 98,400000 98,400000 -20,200000
152 1504084057 -0,000536 373,000000 98,200000 98,200000 -20,200000
152 1504084058 -0,000536 373,000000 98,000000 98,000000 -20,200000
152 1504084059 -0,000533 375,400000 97,800000 97,800000 -20,200000
152 1504084060 -0,000533 375,400000 97,600000 97,600000 -20,200000
152 1504084061 -0,000533 375,400000 97,400000 97,400000 -20,200000
152 1504084062 -0,000533 375,400000 97,200000 97,200000 -20,200000
152 1504084063 -0,000533 375,400000 97,000000 97,000000 -20,200000
152 1504084064 -0,001587 378,000000 96,400000 96,400000 -20,200000
152 1504084065 -0,001587 378,000000 95,800000 95,800000 -20,200000
152 1504084066 -0,001587 378,000000 95,200000 95,200000 -20,200000
152 1504084067 -0,001587 378,000000 94,600000 94,600000 -20,200000
152 1504084068 -0,001587 378,000000 94,000000 94,000000 -20,200000
152 1504084069 0,005241 381,600000 96,000000 96,000000 -20,200000
152 1504084070 0,005241 381,600000 98,000000 98,000000 -20,200000
152 1504084071 0,005241 381,600000 100,000000 100,000000 -20,200000
152 1504084072 0,005241 381,600000 102,000000 102,000000 -20,200000
152 1504084073 0,005241 381,600000 104,000000 104,000000 -20,200000
152 1504084074 0,002597 385,000000 105,000000 105,000000 -20,200000
152 1504084075 0,002597 385,000000 106,000000 106,000000 -20,200000
152 1504084076 0,002597 385,000000 107,000000 107,000000 -20,200000
152 1504084077 0,002597 385,000000 108,000000 108,000000 -20,200000
152 1504084078 0,002597 385,000000 109,000000 109,000000 -20,200000
152 1504084079 0,003096 387,600000 110,200000 110,200000 -20,200000
152 1504084080 0,003096 387,600000 111,400000 111,400000 -20,200000
152 1504084081 0,003096 387,600000 112,600000 112,600000 -20,200000
152 1504084082 0,003096 387,600000 113,800000 113,800000 -20,200000
152 1504084083 0,003096 387,600000 115,000000 115,000000 -20,200000
152 1504084084 -0,005638 390,200000 112,800000 112,800000 -20,200000
152 1504084085 -0,005638 390,200000 110,600000 110,600000 -20,200000
152 1504084086 -0,005638 390,200000 108,400000 108,400000 -20,200000
152 1504084087 -0,005638 390,200000 106,200000 106,200000 -20,200000
152 1504084088 -0,005638 390,200000 104,000000 104,000000 -20,200000
152 1504084089 0,005081 393,600000 106,000000 106,000000 -20,200000
152 1504084090 0,005081 393,600000 108,000000 108,000000 -20,200000
152 1504084091 0,005081 393,600000 110,000000 110,000000 -20,200000
152 1504084092 0,005081 393,600000 112,000000 112,000000 -20,200000
152 1504084093 0,005081 393,600000 114,000000 114,000000 -20,200000
152 1504084094 -0,005561 395,600000 111,800000 111,800000 -20,200000
152 1504084095 -0,005561 395,600000 109,600000 109,600000 -20,200000
152 1504084096 -0,005561 395,600000 107,400000 107,400000 -20,200000
152 1504084097 -0,005561 395,600000 105,200000 105,200000 -20,200000
152 1504084098 -0,005561 395,600000 103,000000 103,000000 -20,200000
152 1504084099 -0,003009 398,800000 101,800000 101,800000 -20,200000
152 1504084100 -0,003009 398,800000 100,600000 100,600000 -20,200000
152 1504084101 -0,003009 398,800000 99,400000 99,400000 -20,200000
152 1504084102 -0,003009 398,800000 98,200000 98,200000 -20,200000
152 1504084103 -0,003009 398,800000 97,000000 97,000000 -20,200000
152 1504084104 -0,002485 402,400000 96,000000 96,000000 -20,200000
152 1504084105 -0,002485 402,400000 95,000000 95,000000 -20,200000
152 1504084106 -0,002485 402,400000 94,000000 94,000000 -20,200000
152 1504084107 -0,002485 402,400000 93,000000 93,000000 -20,200000
152 1504084108 -0,002485 402,400000 92,000000 92,000000 -20,200000
152 1504084109 0,001488 403,200000 92,600000 92,600000 -20,200000
152 1504084110 0,001488 403,200000 93,200000 93,200000 -20,200000
152 1504084111 0,001488 403,200000 93,800000 93,800000 -20,200000
152 1504084112 0,001488 403,200000 94,400000 94,400000 -20,200000
152 1504084113 0,001488 403,200000 95,000000 95,000000 -20,200000
152 1504084114 -0,012758 407,600000 89,800000 89,800000 -20,200000
152 1504084115 -0,012758 407,600000 84,600000 84,600000 -20,200000
152 1504084116 -0,012758 407,600000 79,400000 79,400000 -20,200000
152 1504084117 -0,012758 407,600000 74,200000 74,200000 -20,200000
152 1504084118 -0,012758 407,600000 69,000000 69,000000 -20,200000
152 1504084119 0,018465 411,600000 76,600000 76,600000 -20,200000
152 1504084120 0,018465 411,600000 84,200000 84,200000 -20,200000
152 1504084121 0,018465 411,600000 91,800000 91,800000 -20,200000
152 1504084122 0,018465 411,600000 99,400000 99,400000 -20,200000
152 1504084123 0,018465 411,600000 107,000000 107,000000 -20,200000
152 1504084124 -0,002903 413,400000 105,800000 105,800000 -20,200000
152 1504084125 -0,002903 413,400000 104,600000 104,600000 -20,200000
152 1504084126 -0,002903 413,400000 103,400000 103,400000 -20,200000
152 1504084127 -0,002903 413,400000 102,200000 102,200000 -20,200000
152 1504084128 -0,002903 413,400000 101,000000 101,000000 -20,200000
152 1504084129 -0,003357 417,000000 99,600000 99,600000 -20,200000
152 1504084130 -0,003357 417,000000 98,200000 98,200000 -20,200000
152 1504084131 -0,003357 417,000000 96,800000 96,800000 -20,200000
152 1504084132 -0,003357 417,000000 95,400000 95,400000 -20,200000
152 1504084133 -0,003357 417,000000 94,000000 94,000000 -20,200000
152 1504084134 0,003804 420,600000 95,600000 95,600000 -20,200000
152 1504084135 0,003804 420,600000 97,200000 97,200000 -20,200000
152 1504084136 0,003804 420,600000 98,800000 98,800000 -20,200000
152 1504084137 0,003804 420,600000 100,400000 100,400000 -20,200000
152 1504084138 0,003804 420,600000 102,000000 102,000000 -20,200000
152 1504084139 -0,002836 423,200000 100,800000 100,800000 -20,200000
152 1504084140 -0,002836 423,200000 99,600000 99,600000 -20,200000
152 1504084141 -0,002836 423,200000 98,400000 98,400000 -20,200000
152 1504084142 -0,002836 423,200000 97,200000 97,200000 -20,200000
152 1504084143 -0,002836 423,200000 96,000000 96,000000 -20,200000
152 1504084144 0,006086 427,200000 98,600000 98,600000 -20,200000
152 1504084145 0,006086 427,200000 101,200000 101,200000 -20,200000
152 1504084146 0,006086 427,200000 103,800000 103,800000 -20,200000
152 1504084147 0,006086 427,200000 106,400000 106,400000 -20,200000
152 1504084148 0,006086 427,200000 109,000000 109,000000 -20,200000
152 1504084149 -0,004651 430,000000 107,000000 107,000000 -20,200000
152 1504084150 -0,004651 430,000000 105,000000 105,000000 -20,200000
152 1504084151 -0,004651 430,000000 103,000000 103,000000 -20,200000
152 1504084152 -0,004651 430,000000 101,000000 101,000000 -20,200000
152 1504084153 -0,004651 430,000000 99,000000 99,000000 -20,200000
152 1504084154 -0,005093 432,000000 96,800000 96,800000 -20,200000
152 1504084155 -0,005093 432,000000 94,600000 94,600000 -20,200000
152 1504084156 -0,005093 432,000000 92,400000 92,400000 -20,200000
152 1504084157 -0,005093 432,000000 90,200000 90,200000 -20,200000
152 1504084158 -0,005093 432,000000 88,000000 88,000000 -20,200000
152 1504084159 0,003682 434,600000 89,600000 89,600000 -20,200000
152 1504084160 0,003682 434,600000 91,200000 91,200000 -20,200000
152 1504084161 0,003682 434,600000 92,800000 92,800000 -20,200000
152 1504084162 0,003682 434,600000 94,400000 94,400000 -20,200000
152 1504084163 0,003682 434,600000 96,000000 96,000000 -20,200000
152 1504084164 -0,000457 437,200000 95,800000 95,800000 -20,200000
152 1504084165 -0,000457 437,200000 95,600000 95,600000 -20,200000
152 1504084166 -0,000457 437,200000 95,400000 95,400000 -20,200000
152 1504084167 -0,000457 437,200000 95,200000 95,200000 -20,200000
152 1504084168 -0,000457 437,200000 95,000000 95,000000 -20,200000
152 1504084169 -0,002724 440,600000 93,800000 93,800000 -20,200000
152 1504084170 -0,002724 440,600000 92,600000 92,600000 -20,200000
152 1504084171 -0,002724 440,600000 91,400000 91,400000 -20,200000
152 1504084172 -0,002724 440,600000 90,200000 90,200000 -20,200000
152 1504084173 -0,002724 440,600000 89,000000 89,000000 -20,200000
152 1504084174 -0,000451 443,000000 88,800000 88,800000 -20,200000
152 1504084175 -0,000451 443,000000 88,600000 88,600000 -20,200000
152 1504084176 -0,000451 443,000000 88,400000 88,400000 -20,200000
152 1504084177 -0,000451 443,000000 88,200000 88,200000 -20,200000
152 1504084178 -0,000451 443,000000 88,000000 88,000000 -20,200000
152 1504084179 0,000450 444,800000 88,200000 88,200000 -20,200000
152 1504084180 0,000450 444,800000 88,400000 88,400000 -20,200000
152 1504084181 0,000450 444,800000 88,600000 88,600000 -20,200000
152 1504084182 0,000450 444,800000 88,800000 88,800000 -20,200000
152 1504084183 0,000450 444,800000 89,000000 89,000000 -20,200000
152 1504084184 -0,000447 447,000000 88,800000 88,800000 -20,200000
152 1504084185 -0,000447 447,000000 88,600000 88,600000 -20,200000
152 1504084186 -0,000447 447,000000 88,400000 88,400000 -20,200000
152 1504084187 -0,000447 447,000000 88,200000 88,200000 -20,200000
152 1504084188 -0,000447 447,000000 88,000000 88,000000 -20,200000
152 1504084189 0,001779 449,800000 88,800000 88,800000 -20,200000
152 1504084190 0,001779 449,800000 89,600000 89,600000 -20,200000
152 1504084191 0,001779 449,800000 90,400000 90,400000 -20,200000
152 1504084192 0,001779 449,800000 91,200000 91,200000 -20,200000
152 1504084193 0,001779 449,800000 92,000000 92,000000 -20,200000
152 1504084194 0,000442 452,600000 92,200000 92,200000 -20,200000
152 1504084195 0,000442 452,600000 92,400000 92,400000 -20,200000
152 1504084196 0,000442 452,600000 92,600000 92,600000 -20,200000
152 1504084197 0,000442 452,600000 92,800000 92,800000 -20,200000
152 1504084198 0,000442 452,600000 93,000000 93,000000 -20,200000
152 1504084199 -0,003077 455,000000 91,600000 91,600000 -20,200000
152 1504084200 -0,003077 455,000000 90,200000 90,200000 -20,200000
152 1504084201 -0,003077 455,000000 88,800000 88,800000 -20,200000
152 1504084202 -0,003077 455,000000 87,400000 87,400000 -20,200000
152 1504084203 -0,003077 455,000000 86,000000 86,000000 -20,200000
152 1504084204 -0,003495 457,800000 84,400000 84,400000 -20,200000
152 1504084205 -0,003495 457,800000 82,800000 82,800000 -20,200000
152 1504084206 -0,003495 457,800000 81,200000 81,200000 -20,200000
152 1504084207 -0,003495 457,800000 79,600000 79,600000 -20,200000
152 1504084208 -0,003495 457,800000 78,000000 78,000000 -20,200000
152 1504084209 -0,000435 459,800000 77,800000 77,800000 -20,200000
152 1504084210 -0,000435 459,800000 77,600000 77,600000 -20,200000
152 1504084211 -0,000435 459,800000 77,400000 77,400000 -20,200000
152 1504084212 -0,000435 459,800000 77,200000 77,200000 -20,200000
152 1504084213 -0,000435 459,800000 77,000000 77,000000 -20,200000
152 1504084214 0,000000 462,600000 77,000000 77,000000 -20,200000
152 1504084215 0,000000 462,600000 77,000000 77,000000 -20,200000
152 1504084216 0,000000 462,600000 77,000000 77,000000 -20,200000
152 1504084217 0,000000 462,600000 77,000000 77,000000 -20,200000
152 1504084218 0,000000 462,600000 77,000000 77,000000 -20,200000
152 1504084219 -0,004729 465,200000 74,800000 74,800000 -20,200000
152 1504084220 -0,004729 465,200000 72,600000 72,600000 -20,200000
152 1504084221 -0,004729 465,200000 70,400000 70,400000 -20,200000
152 1504084222 -0,004729 465,200000 68,200000 68,200000 -20,200000
152 1504084223 -0,004729 465,200000 66,000000 66,000000 -20,200000
152 1504084224 0,001712 467,400000 66,800000 66,800000 -20,200000
152 1504084225 0,001712 467,400000 67,600000 67,600000 -20,200000
152 1504084226 0,001712 467,400000 68,400000 68,400000 -20,200000
152 1504084227 0,001712 467,400000 69,200000 69,200000 -20,200000
152 1504084228 0,001712 467,400000 70,000000 70,000000 -20,200000
152 1504084229 -0,000426 469,400000 69,800000 69,800000 -20,200000
152 1504084230 -0,000426 469,400000 69,600000 69,600000 -20,200000
152 1504084231 -0,000426 469,400000 69,400000 69,400000 -20,200000
152 1504084232 -0,000426 469,400000 69,200000 69,200000 -20,200000
152 1504084233 -0,000426 469,400000 69,000000 69,000000 -20,200000
152 1504084234 -0,001695 472,000000 68,200000 68,200000 -20,200000
152 1504084235 -0,001695 472,000000 67,400000 67,400000 -20,200000
152 1504084236 -0,001695 472,000000 66,600000 66,600000 -20,200000
152 1504084237 -0,001695 472,000000 65,800000 65,800000 -20,200000
152 1504084238 -0,001695 472,000000 65,000000 65,000000 -20,200000
152 1504084239 0,000000 474,200000 65,000000 65,000000 -20,200000
152 1504084240 0,000000 474,200000 65,000000 65,000000 -20,200000
152 1504084241 0,000000 474,200000 65,000000 65,000000 -20,200000
152 1504084242 0,000000 474,200000 65,000000 65,000000 -20,200000
152 1504084243 0,000000 474,200000 65,000000 65,000000 -20,200000
152 1504084244 -0,002518 476,600000 63,800000 63,800000 -20,200000
152 1504084245 -0,002518 476,600000 62,600000 62,600000 -20,200000
152 1504084246 -0,002518 476,600000 61,400000 61,400000 -20,200000
152 1504084247 -0,002518 476,600000 60,200000 60,200000 -20,200000
152 1504084248 -0,002518 476,600000 59,000000 59,000000 -20,200000
152 1504084249 -0,000418 478,800000 58,800000 58,800000 -20,200000
152 1504084250 -0,000418 478,800000 58,600000 58,600000 -20,200000
152 1504084251 -0,000418 478,800000 58,400000 58,400000 -20,200000
152 1504084252 -0,000418 478,800000 58,200000 58,200000 -20,200000
152 1504084253 -0,000418 478,800000 58,000000 58,000000 -20,200000
152 1504084254 0,000832 481,000000 58,400000 58,400000 -20,200000
152 1504084255 0,000832 481,000000 58,800000 58,800000 -20,200000
152 1504084256 0,000832 481,000000 59,200000 59,200000 -20,200000
152 1504084257 0,000832 481,000000 59,600000 59,600000 -20,200000
152 1504084258 0,000832 481,000000 60,000000 60,000000 -20,200000
152 1504084259 -0,003314 482,800000 58,400000 58,400000 -20,200000
152 1504084260 -0,003314 482,800000 56,800000 56,800000 -20,200000
152 1504084261 -0,003314 482,800000 55,200000 55,200000 -20,200000
152 1504084262 -0,003314 482,800000 53,600000 53,600000 -20,200000
152 1504084263 -0,003314 482,800000 52,000000 52,000000 -20,200000
152 1504084264 0,000826 484,400000 52,400000 52,400000 -20,200000
152 1504084265 0,000826 484,400000 52,800000 52,800000 -20,200000
152 1504084266 0,000826 484,400000 53,200000 53,200000 -20,200000
152 1504084267 0,000826 484,400000 53,600000 53,600000 -20,200000
152 1504084268 0,000826 484,400000 54,000000 54,000000 -20,200000
152 1504084269 0,000000 486,200000 54,000000 54,000000 -20,200000
152 1504084270 0,000000 486,200000 54,000000 54,000000 -20,200000
152 1504084271 0,000000 486,200000 54,000000 54,000000 -20,200000
152 1504084272 0,000000 486,200000 54,000000 54,000000 -20,200000
152 1504084273 0,000000 486,200000 54,000000 54,000000 -20,200000
152 1504084274 -0,002868 488,200000 52,600000 52,600000 -20,200000
152 1504084275 -0,002868 488,200000 51,200000 51,200000 -20,200000
152 1504084276 -0,002868 488,200000 49,800000 49,800000 -20,200000
152 1504084277 -0,002868 488,200000 48,400000 48,400000 -20,200000
152 1504084278 -0,002868 488,200000 47,000000 47,000000 -20,200000
152 1504084279 0,000000 489,800000 47,000000 47,000000 -20,200000
152 1504084280 0,000000 489,800000 47,000000 47,000000 -20,200000
152 1504084281 0,000000 489,800000 47,000000 47,000000 -20,200000
152 1504084282 0,000000 489,800000 47,000000 47,000000 -20,200000
152 1504084283 0,000000 489,800000 47,000000 47,000000 -20,200000
152 1504084284 -0,002442 491,400000 45,800000 45,800000 -20,200000
152 1504084285 -0,002442 491,400000 44,600000 44,600000 -20,200000
152 1504084286 -0,002442 491,400000 43,400000 43,400000 -20,200000
152 1504084287 -0,002442 491,400000 42,200000 42,200000 -20,200000
152 1504084288 -0,002442 491,400000 41,000000 41,000000 -20,200000
152 1504084289 0,000406 493,000000 41,200000 41,200000 -20,200000
152 1504084290 0,000406 493,000000 41,400000 41,400000 -20,200000
152 1504084291 0,000406 493,000000 41,600000 41,600000 -20,200000
152 1504084292 0,000406 493,000000 41,800000 41,800000 -20,200000
152 1504084293 0,000406 493,000000 42,000000 42,000000 -20,200000
152 1504084294 -0,002426 494,600000 40,800000 40,800000 -20,200000
152 1504084295 -0,002426 494,600000 39,600000 39,600000 -20,200000
152 1504084296 -0,002426 494,600000 38,400000 38,400000 -20,200000
152 1504084297 -0,002426 494,600000 37,200000 37,200000 -20,200000
152 1504084298 -0,002426 494,600000 36,000000 36,000000 -20,200000
152 1504084299 0,000000 496,200000 36,000000 36,000000 -20,200000
152 1504084300 0,000000 496,200000 36,000000 36,000000 -20,200000
152 1504084301 0,000000 496,200000 36,000000 36,000000 -20,200000
152 1504084302 0,000000 496,200000 36,000000 36,000000 -20,200000
152 1504084303 0,000000 496,200000 36,000000 36,000000 -20,200000
152 1504084304 -0,002412 497,600000 34,800000 34,800000 -20,200000
152 1504084366 -6,000000 0,333333 0,000000 0,000000 3401,666667
152 1504084365 -6,000000 0,333333 2,000000 2,000000 3401,666667
152 1504084364 -6,000000 0,333333 4,000000 4,000000 3401,666667
152 1504084363 0,000000 0,200000 6,000000 6,000000 2040,200000
152 1504084362 0,000000 0,200000 6,000000 6,000000 2040,200000
152 1504084361 0,000000 0,200000 6,000000 6,000000 2040,200000
152 1504084360 0,000000 0,200000 6,000000 6,000000 2040,200000
152 1504084359 0,000000 0,200000 6,000000 6,000000 2040,200000
152 1504084358 -6,000000 0,200000 6,000000 6,000000 2040,488000
152 1504084357 -6,000000 0,200000 7,200000 7,200000 2040,488000
152 1504084356 -6,000000 0,200000 8,400000 8,400000 2040,488000
152 1504084355 -6,000000 0,200000 9,600000 9,600000 2040,488000
152 1504084354 -6,000000 0,200000 10,800000 10,800000 2040,488000
152 1504084353 0,000000 0,200000 12,000000 12,000000 2040,200000
152 1504084352 0,000000 0,200000 12,000000 12,000000 2040,200000
152 1504084351 0,000000 0,200000 12,000000 12,000000 2040,200000
152 1504084350 0,000000 0,200000 12,000000 12,000000 2040,200000
152 1504084349 0,000000 0,200000 12,000000 12,000000 2040,200000
152 1504084348 0,000000 0,200000 12,000000 12,000000 2040,200000
152 1504084347 0,000000 0,200000 12,000000 12,000000 2040,200000
152 1504084346 0,000000 0,200000 12,000000 12,000000 2040,200000
152 1504084345 0,000000 0,200000 12,000000 12,000000 2040,200000
152 1504084344 0,000000 0,200000 12,000000 12,000000 2040,200000
152 1504084343 -6,000000 0,200000 12,000000 12,000000 2040,488000
152 1504084342 -6,000000 0,200000 13,200000 13,200000 2040,488000
152 1504084341 -6,000000 0,200000 14,400000 14,400000 2040,488000
152 1504084340 -6,000000 0,200000 15,600000 15,600000 2040,488000
152 1504084339 -6,000000 0,200000 16,800000 16,800000 2040,488000
152 1504084338 0,000000 0,200000 18,000000 18,000000 2040,200000
152 1504084337 0,000000 0,200000 18,000000 18,000000 2040,200000
152 1504084336 0,000000 0,200000 18,000000 18,000000 2040,200000
152 1504084335 0,000000 0,200000 18,000000 18,000000 2040,200000
152 1504084334 0,000000 0,200000 18,000000 18,000000 2040,200000
152 1504084333 -6,000000 0,200000 18,000000 18,000000 2040,488000
152 1504084332 -6,000000 0,200000 19,200000 19,200000 2040,488000
152 1504084331 -6,000000 0,200000 20,400000 20,400000 2040,488000
152 1504084330 -6,000000 0,200000 21,600000 21,600000 2040,488000
152 1504084329 -6,000000 0,200000 22,800000 22,800000 2040,488000
152 1504084328 0,000000 0,200000 24,000000 24,000000 2040,200000
152 1504084327 0,000000 0,200000 24,000000 24,000000 2040,200000
152 1504084326 0,000000 0,200000 24,000000 24,000000 2040,200000
152 1504084325 0,000000 0,200000 24,000000 24,000000 2040,200000
152 1504084324 0,000000 0,200000 24,000000 24,000000 2040,200000
152 1504084323 -6,000000 0,200000 24,000000 24,000000 2040,488000
152 1504084322 -6,000000 0,200000 25,200000 25,200000 2040,488000
152 1504084321 -6,000000 0,200000 26,400000 26,400000 2040,488000
152 1504084320 -6,000000 0,200000 27,600000 27,600000 2040,488000
152 1504084319 -6,000000 0,200000 28,800000 28,800000 2040,488000
152 1504084318 0,000000 0,200000 30,000000 30,000000 2040,200000
152 1504084317 0,000000 0,200000 30,000000 30,000000 2040,200000
152 1504084316 0,000000 0,200000 30,000000 30,000000 2040,200000
152 1504084315 0,000000 0,200000 30,000000 30,000000 2040,200000
152 1504084314 0,000000 0,200000 30,000000 30,000000 2040,200000
152 1504084313 0,000000 0,200000 30,000000 30,000000 2040,200000
152 1504084312 0,000000 0,200000 30,000000 30,000000 2040,200000
152 1504084311 0,000000 0,200000 30,000000 30,000000 2040,200000
152 1504084310 0,000000 0,200000 30,000000 30,000000 2040,200000
152 1504084309 0,000000 0,200000 30,000000 30,000000 2040,200000
152 1504084308 -6,000000 0,200000 30,000000 30,000000 2040,488000
152 1504084307 -6,000000 0,200000 31,200000 31,200000 2040,488000
152 1504084306 -6,000000 0,200000 32,400000 32,400000 2040,488000
152 1504084305 -6,000000 0,200000 33,600000 33,600000 2040,488000
