154 1504083229 790190,000000 -1,000000 -101,000000 0,000000 0,000000
154 1504083230 790190,000000 -1,000000 -101,000000 0,000000 0,000000
154 1504083231 790190,000000 -1,000000 -101,000000 0,000000 0,000000
154 1504083232 790190,000000 -1,000000 -101,000000 0,000000 0,000000
154 1504083233 790190,000000 -1,000000 -101,000000 0,000000 0,000000
154 1504083234 981072,200000 -1,000000 -101,000000 0,000000 0,000000
154 1504083235 981072,200000 -1,000000 -101,000000 0,000000 0,000000
154 1504083236 981072,200000 -1,000000 -101,000000 0,000000 0,000000
154 1504083237 981072,200000 -1,000000 -101,000000 0,000000 0,000000
154 1504083238 981072,200000 -1,000000 -101,000000 0,000000 0,000000
154 1504083239 1396335,400000 -1,000000 -101,000000 0,000000 0,000000
154 1504083240 1396335,400000 -1,000000 -101,000000 0,000000 0,000000
154 1504083241 1396335,400000 -1,000000 -101,000000 0,000000 0,000000
154 1504083242 1396335,400000 -1,000000 -101,000000 0,000000 0,000000
154 1504083243 1396335,400000 -1,000000 -101,000000 0,000000 0,000000
154 1504083244 1596898,200000 -1,000000 -101,000000 0,000000 0,000000
154 1504083245 1596898,200000 -1,000000 -101,000000 0,000000 0,000000
154 1504083246 1596898,200000 -1,000000 -101,000000 0,000000 0,000000
154 1504083247 1596898,200000 -1,000000 -101,000000 0,000000 0,000000
154 1504083248 1596898,200000 -1,000000 -101,000000 0,000000 0,000000
154 1504083249 2223166,200000 -1,000000 -101,000000 0,000000 0,000000
154 1504083250 2223166,200000 -1,000000 -101,000000 0,000000 0,000000
154 1504083251 2223166,200000 -1,000000 -101,000000 0,000000 0,000000
154 1504083252 2223166,200000 -1,000000 -101,000000 0,000000 0,000000
154 1504083253 2223166,200000 -1,000000 -101,000000 0,000000 0,000000
154 1504083254 2109781,400000 -1,000000 -101,000000 0,000000 0,000000
154 1504083255 2109781,400000 -1,000000 -101,000000 0,000000 0,000000
154 1504083256 2109781,400000 -1,000000 -101,000000 0,000000 0,000000
154 1504083257 2109781,400000 -1,000000 -101,000000 0,000000 0,000000
154 1504083258 2109781,400000 -1,000000 -101,000000 0,000000 0,000000
154 1504083259 1976963,600000 -1,000000 -101,000000 0,000000 0,000000
154 1504083260 1976963,600000 -1,000000 -101,000000 0,000000 0,000000
154 1504083261 1976963,600000 -1,000000 -101,000000 0,000000 0,000000
154 1504083262 1976963,600000 -1,000000 -101,000000 0,000000 0,000000
154 1504083263 1976963,600000 -1,000000 -101,000000 0,000000 0,000000
154 1504083264 2123486,800000 -1,000000 -101,000000 0,000000 0,000000
154 1504083265 2123486,800000 -1,000000 -101,000000 0,000000 0,000000
154 1504083266 2123486,800000 -1,000000 -101,000000 0,000000 0,000000
154 1504083267 2123486,800000 -1,000000 -101,000000 0,000000 0,000000
154 1504083268 2123486,800000 -1,000000 -101,000000 0,000000 0,000000
154 1504083269 2497827,600000 -1,000000 -101,000000 0,000000 0,000000
154 1504083270 2497827,600000 -1,000000 -101,000000 0,000000 0,000000
154 1504083271 2497827,600000 -1,000000 -101,000000 0,000000 0,000000
154 1504083272 2497827,600000 -1,000000 -101,000000 0,000000 0,000000
154 1504083273 2497827,600000 -1,000000 -101,000000 0,000000 0,000000
154 1504083274 2078317,200000 -1,000000 -101,000000 0,000000 0,000000
154 1504083275 2078317,200000 -1,000000 -101,000000 0,000000 0,000000
154 1504083276 2078317,200000 -1,000000 -101,000000 0,000000 0,000000
154 1504083277 2078317,200000 -1,000000 -101,000000 0,000000 0,000000
154 1504083278 2078317,200000 -1,000000 -101,000000 0,000000 0,000000
154 1504083279 2320112,000000 -1,000000 -101,000000 0,000000 0,000000
154 1504083280 2320112,000000 -1,000000 -101,000000 0,000000 0,000000
154 1504083281 2320112,000000 -1,000000 -101,000000 0,000000 0,000000
154 1504083282 2320112,000000 -1,000000 -101,000000 0,000000 0,000000
154 1504083283 2320112,000000 -1,000000 -101,000000 0,000000 0,000000
154 1504083284 1886641,600000 -1,000000 -101,000000 0,000000 0,000000
154 1504083285 1886641,600000 -1,000000 -101,000000 0,000000 0,000000
154 1504083286 1886641,600000 -1,000000 -101,000000 0,000000 0,000000
154 1504083287 1886641,600000 -1,000000 -101,000000 0,000000 0,000000
154 1504083288 1886641,600000 -1,000000 -101,000000 0,000000 0,000000
154 1504083289 2346533,400000 -1,000000 -101,000000 0,000000 0,000000
154 1504083290 2346533,400000 -1,000000 -101,000000 0,000000 0,000000
154 1504083291 2346533,400000 -1,000000 -101,000000 0,000000 0,000000
154 1504083292 2346533,400000 -1,000000 -101,000000 0,000000 0,000000
154 1504083293 2346533,400000 -1,000000 -101,000000 0,000000 0,000000
154 1504083294 2582588,600000 -1,000000 -101,000000 0,000000 0,000000
154 1504083295 2582588,600000 -1,000000 -101,000000 0,000000 0,000000
154 1504083296 2582588,600000 -1,000000 -101,000000 0,000000 0,000000
154 1504083297 2582588,600000 -1,000000 -101,000000 0,000000 0,000000
154 1504083298 2582588,600000 -1,000000 -101,000000 0,000000 0,000000
154 1504083299 2261044,800000 -1,000000 -101,000000 0,000000 0,000000
154 1504083300 2261044,800000 -1,000000 -101,000000 0,000000 0,000000
154 1504083301 2261044,800000 -1,000000 -101,000000 0,000000 0,000000
154 1504083302 2261044,800000 -1,000000 -101,000000 0,000000 0,000000
154 1504083303 2261044,800000 -1,000000 -101,000000 0,000000 0,000000
154 1504083304 2286845,800000 -1,000000 -101,000000 0,000000 0,000000
154 1504083305 2286845,800000 -1,000000 -101,000000 0,000000 0,000000
154 1504083306 2286845,800000 -1,000000 -101,000000 0,000000 0,000000
154 1504083307 2286845,800000 -1,000000 -101,000000 0,000000 0,000000
154 1504083308 2286845,800000 -1,000000 -101,000000 0,000000 0,000000
154 1504083309 2752374,000000 -1,000000 -101,000000 0,000000 0,000000
154 1504083310 2752374,000000 -1,000000 -101,000000 0,000000 0,000000
154 1504083311 2752374,000000 -1,000000 -101,000000 0,000000 0,000000
154 1504083312 2752374,000000 -1,000000 -101,000000 0,000000 0,000000
154 1504083313 2752374,000000 -1,000000 -101,000000 0,000000 0,000000
154 1504083314 2217296,200000 -1,000000 -101,000000 0,000000 0,000000
154 1504083315 2217296,200000 -1,000000 -101,000000 0,000000 0,000000
154 1504083316 2217296,200000 -1,000000 -101,000000 0,000000 0,000000
154 1504083317 2217296,200000 -1,000000 -101,000000 0,000000 0,000000
154 1504083318 2217296,200000 -1,000000 -101,000000 0,000000 0,000000
154 1504083319 1786741,800000 -1,000000 -101,000000 0,000000 0,000000
154 1504083320 1786741,800000 -1,000000 -101,000000 0,000000 0,000000
154 1504083321 1786741,800000 -1,000000 -101,000000 0,000000 0,000000
154 1504083322 1786741,800000 -1,000000 -101,000000 0,000000 0,000000
154 1504083323 1786741,800000 -1,000000 -101,000000 0,000000 0,000000
154 1504083324 2388374,400000 -1,000000 -101,000000 0,000000 0,000000
154 1504083325 2388374,400000 -1,000000 -101,000000 0,000000 0,000000
154 1504083326 2388374,400000 -1,000000 -101,000000 0,000000 0,000000
154 1504083327 2388374,400000 -1,000000 -101,000000 0,000000 0,000000
154 1504083328 2388374,400000 -1,000000 -101,000000 0,000000 0,000000
154 1504083329 578660,800000 -1,000000 -101,000000 0,000000 0,000000
154 1504083330 578660,800000 -1,000000 -101,000000 0,000000 0,000000
154 1504083331 578660,800000 -1,000000 -101,000000 0,000000 0,000000
154 1504083332 578660,800000 -1,000000 -101,000000 0,000000 0,000000
154 1504083333 578660,800000 -1,000000 -101,000000 0,000000 0,000000
154 1504083334 1542864,600000 -1,000000 -101,000000 0,000000 0,000000
154 1504083335 1542864,600000 -1,000000 -101,000000 0,000000 0,000000
154 1504083336 1542864,600000 -1,000000 -101,000000 0,000000 0,000000
154 1504083337 1542864,600000 -1,000000 -101,000000 0,000000 0,000000
154 1504083338 1542864,600000 -1,000000 -101,000000 0,000000 0,000000
154 1504083339 1477868,400000 -1,000000 -101,000000 0,000000 0,000000
154 1504083340 1477868,400000 -1,000000 -101,000000 0,000000 0,000000
154 1504083341 1477868,400000 -1,000000 -101,000000 0,000000 0,000000
154 1504083342 1477868,400000 -1,000000 -101,000000 0,000000 0,000000
154 1504083343 1477868,400000 -1,000000 -101,000000 0,000000 0,000000
154 1504083344 2438375,800000 -1,000000 -101,000000 0,000000 0,000000
154 1504083345 2438375,800000 -1,000000 -101,000000 0,000000 0,000000
154 1504083346 2438375,800000 -1,000000 -101,000000 0,000000 0,000000
154 1504083347 2438375,800000 -1,000000 -101,000000 0,000000 0,000000
154 1504083348 2438375,800000 -1,000000 -101,000000 0,000000 0,000000
154 1504083349 2460725,000000 -1,000000 -101,000000 0,000000 0,000000
154 1504083350 2460725,000000 -1,000000 -101,000000 0,000000 0,000000
154 1504083351 2460725,000000 -1,000000 -101,000000 0,000000 0,000000
154 1504083352 2460725,000000 -1,000000 -101,000000 0,000000 0,000000
154 1504083353 2460725,000000 -1,000000 -101,000000 0,000000 0,000000
154 1504083354 2666886,400000 -1,000000 -101,000000 0,000000 0,000000
154 1504083355 2666886,400000 -1,000000 -101,000000 0,000000 0,000000
154 1504083356 2666886,400000 -1,000000 -101,000000 0,000000 0,000000
154 1504083357 2666886,400000 -1,000000 -101,000000 0,000000 0,000000
154 1504083358 2666886,400000 -1,000000 -101,000000 0,000000 0,000000
154 1504083359 2473380,200000 -1,000000 -101,000000 0,000000 0,000000
154 1504083360 2473380,200000 -1,000000 -101,000000 0,000000 0,000000
154 1504083361 2473380,200000 -1,000000 -101,000000 0,000000 0,000000
154 1504083362 2473380,200000 -1,000000 -101,000000 0,000000 0,000000
154 1504083363 2473380,200000 -1,000000 -101,000000 0,000000 0,000000
154 1504083364 2271244,200000 -1,000000 -101,000000 0,000000 0,000000
154 1504083365 2271244,200000 -1,000000 -101,000000 0,000000 0,000000
154 1504083366 2271244,200000 -1,000000 -101,000000 0,000000 0,000000
154 1504083367 2271244,200000 -1,000000 -101,000000 0,000000 0,000000
154 1504083368 2271244,200000 -1,000000 -101,000000 0,000000 0,000000
154 1504083369 2697334,800000 -1,000000 -101,000000 0,000000 0,000000
154 1504083370 2697334,800000 -1,000000 -101,000000 0,000000 0,000000
154 1504083371 2697334,800000 -1,000000 -101,000000 0,000000 0,000000
154 1504083372 2697334,800000 -1,000000 -101,000000 0,000000 0,000000
154 1504083373 2697334,800000 -1,000000 -101,000000 0,000000 0,000000
154 1504083374 2030923,200000 -1,000000 -101,000000 0,000000 0,000000
154 1504083375 2030923,200000 -1,000000 -101,000000 0,000000 0,000000
154 1504083376 2030923,200000 -1,000000 -101,000000 0,000000 0,000000
154 1504083377 2030923,200000 -1,000000 -101,000000 0,000000 0,000000
154 1504083378 2030923,200000 -1,000000 -101,000000 0,000000 0,000000
154 1504083379 2893286,600000 -1,000000 -101,000000 0,000000 0,000000
154 1504083380 2893286,600000 -1,000000 -101,000000 0,000000 0,000000
154 1504083381 2893286,600000 -1,000000 -101,000000 0,000000 0,000000
154 1504083382 2893286,600000 -1,000000 -101,000000 0,000000 0,000000
154 1504083383 2893286,600000 -1,000000 -101,000000 0,000000 0,000000
154 1504083384 2830471,200000 -1,000000 -101,000000 0,000000 0,000000
154 1504083385 2830471,200000 -1,000000 -101,000000 0,000000 0,000000
154 1504083386 2830471,200000 -1,000000 -101,000000 0,000000 0,000000
154 1504083387 2830471,200000 -1,000000 -101,000000 0,000000 0,000000
154 1504083388 2830471,200000 -1,000000 -101,000000 0,000000 0,000000
154 1504083389 2796978,800000 -1,000000 -101,000000 0,000000 0,000000
154 1504083390 2796978,800000 -1,000000 -101,000000 0,000000 0,000000
154 1504083391 2796978,800000 -1,000000 -101,000000 0,000000 0,000000
154 1504083392 2796978,800000 -1,000000 -101,000000 0,000000 0,000000
154 1504083393 2796978,800000 -1,000000 -101,000000 0,000000 0,000000
154 1504083394 2788991,800000 -1,000000 -101,000000 0,000000 0,000000
154 1504083395 2788991,800000 -1,000000 -101,000000 0,000000 0,000000
154 1504083396 2788991,800000 -1,000000 -101,000000 0,000000 0,000000
154 1504083397 2788991,800000 -1,000000 -101,000000 0,000000 0,000000
154 1504083398 2788991,800000 -1,000000 -101,000000 0,000000 0,000000
154 1504083399 2762922,400000 -1,000000 -101,000000 0,000000 0,000000
154 1504083400 2762922,400000 -1,000000 -101,000000 0,000000 0,000000
154 1504083401 2762922,400000 -1,000000 -101,000000 0,000000 0,000000
154 1504083402 2762922,400000 -1,000000 -101,000000 0,000000 0,000000
154 1504083403 2762922,400000 -1,000000 -101,000000 0,000000 0,000000
154 1504083404 2784002,800000 -1,000000 -101,000000 0,000000 0,000000
154 1504083405 2784002,800000 -1,000000 -101,000000 0,000000 0,000000
154 1504083406 2784002,800000 -1,000000 -101,000000 0,000000 0,000000
154 1504083407 2784002,800000 -1,000000 -101,000000 0,000000 0,000000
154 1504083408 2784002,800000 -1,000000 -101,000000 0,000000 0,000000
154 1504083409 3129292,600000 -1,000000 -101,000000 0,000000 0,000000
154 1504083410 3129292,600000 -1,000000 -101,000000 0,000000 0,000000
154 1504083411 3129292,600000 -1,000000 -101,000000 0,000000 0,000000
154 1504083412 3129292,600000 -1,000000 -101,000000 0,000000 0,000000
154 1504083413 3129292,600000 -1,000000 -101,000000 0,000000 0,000000
154 1504083414 2803160,600000 -1,000000 -101,000000 0,000000 0,000000
154 1504083415 2803160,600000 -1,000000 -101,000000 0,000000 0,000000
154 1504083416 2803160,600000 -1,000000 -101,000000 0,000000 0,000000
154 1504083417 2803160,600000 -1,000000 -101,000000 0,000000 0,000000
154 1504083418 2803160,600000 -1,000000 -101,000000 0,000000 0,000000
154 1504083419 2799195,400000 -1,000000 -101,000000 0,000000 0,000000
154 1504083420 2799195,400000 -1,000000 -101,000000 0,000000 0,000000
154 1504083421 2799195,400000 -1,000000 -101,000000 0,000000 0,000000
154 1504083422 2799195,400000 -1,000000 -101,000000 0,000000 0,000000
154 1504083423 2799195,400000 -1,000000 -101,000000 0,000000 0,000000
154 1504083424 2957084,400000 -1,000000 -101,000000 0,000000 0,000000
154 1504083425 2957084,400000 -1,000000 -101,000000 0,000000 0,000000
154 1504083426 2957084,400000 -1,000000 -101,000000 0,000000 0,000000
154 1504083427 2957084,400000 -1,000000 -101,000000 0,000000 0,000000
154 1504083428 2957084,400000 -1,000000 -101,000000 0,000000 0,000000
154 1504083429 2987368,000000 -1,000000 -101,000000 0,000000 0,000000
154 1504083430 2987368,000000 -1,000000 -101,000000 0,000000 0,000000
154 1504083431 2987368,000000 -1,000000 -101,000000 0,000000 0,000000
154 1504083432 2987368,000000 -1,000000 -101,000000 0,000000 0,000000
154 1504083433 2987368,000000 -1,000000 -101,000000 0,000000 0,000000
154 1504083434 2790835,600000 -1,000000 -101,000000 0,000000 0,000000
154 1504083435 2790835,600000 -1,000000 -101,000000 0,000000 0,000000
154 1504083436 2790835,600000 -1,000000 -101,000000 0,000000 0,000000
154 1504083437 2790835,600000 -1,000000 -101,000000 0,000000 0,000000
154 1504083438 2790835,600000 -1,000000 -101,000000 0,000000 0,000000
154 1504083439 3075353,800000 -1,000000 -101,000000 0,000000 0,000000
154 1504083440 3075353,800000 -1,000000 -101,000000 0,000000 0,000000
154 1504083441 3075353,800000 -1,000000 -101,000000 0,000000 0,000000
154 1504083442 3075353,800000 -1,000000 -101,000000 0,000000 0,000000
154 1504083443 3075353,800000 -1,000000 -101,000000 0,000000 0,000000
154 1504083444 2817365,800000 -1,000000 -101,000000 0,000000 0,000000
154 1504083445 2817365,800000 -1,000000 -101,000000 0,000000 0,000000
154 1504083446 2817365,800000 -1,000000 -101,000000 0,000000 0,000000
154 1504083447 2817365,800000 -1,000000 -101,000000 0,000000 0,000000
154 1504083448 2817365,800000 -1,000000 -101,000000 0,000000 0,000000
154 1504083449 3108903,600000 -1,000000 -101,000000 0,000000 0,000000
154 1504083450 3108903,600000 -1,000000 -101,000000 0,000000 0,000000
154 1504083451 3108903,600000 -1,000000 -101,000000 0,000000 0,000000
154 1504083452 3108903,600000 -1,000000 -101,000000 0,000000 0,000000
154 1504083453 3108903,600000 -1,000000 -101,000000 0,000000 0,000000
154 1504083454 2946909,400000 -1,000000 -101,000000 0,000000 0,000000
154 1504083455 2946909,400000 -1,000000 -101,000000 0,000000 0,000000
154 1504083456 2946909,400000 -1,000000 -101,000000 0,000000 0,000000
154 1504083457 2946909,400000 -1,000000 -101,000000 0,000000 0,000000
154 1504083458 2946909,400000 -1,000000 -101,000000 0,000000 0,000000
154 1504083459 2840595,400000 -1,000000 -101,000000 0,000000 0,000000
154 1504083460 2840595,400000 -1,000000 -101,000000 0,000000 0,000000
154 1504083461 2840595,400000 -1,000000 -101,000000 0,000000 0,000000
154 1504083462 2840595,400000 -1,000000 -101,000000 0,000000 0,000000
154 1504083463 2840595,400000 -1,000000 -101,000000 0,000000 0,000000
154 1504083464 3238518,000000 -1,000000 -101,000000 0,000000 0,000000
154 1504083465 3238518,000000 -1,000000 -101,000000 0,000000 0,000000
154 1504083466 3238518,000000 -1,000000 -101,000000 0,000000 0,000000
154 1504083467 3238518,000000 -1,000000 -101,000000 0,000000 0,000000
154 1504083468 3238518,000000 -1,000000 -101,000000 0,000000 0,000000
154 1504083469 2689094,600000 -1,000000 -101,000000 0,000000 0,000000
154 1504083470 2689094,600000 -1,000000 -101,000000 0,000000 0,000000
154 1504083471 2689094,600000 -1,000000 -101,000000 0,000000 0,000000
154 1504083472 2689094,600000 -1,000000 -101,000000 0,000000 0,000000
154 1504083473 2689094,600000 -1,000000 -101,000000 0,000000 0,000000
154 1504083474 2868735,800000 -1,000000 -101,000000 0,000000 0,000000
154 1504083475 2868735,800000 -1,000000 -101,000000 0,000000 0,000000
154 1504083476 2868735,800000 -1,000000 -101,000000 0,000000 0,000000
154 1504083477 2868735,800000 -1,000000 -101,000000 0,000000 0,000000
154 1504083478 2868735,800000 -1,000000 -101,000000 0,000000 0,000000
154 1504083479 2986124,600000 -1,000000 -101,000000 0,000000 0,000000
154 1504083480 2986124,600000 -1,000000 -101,000000 0,000000 0,000000
154 1504083481 2986124,600000 -1,000000 -101,000000 0,000000 0,000000
154 1504083482 2986124,600000 -1,000000 -101,000000 0,000000 0,000000
154 1504083483 2986124,600000 -1,000000 -101,000000 0,000000 0,000000
154 1504083484 2590268,200000 -1,000000 -101,000000 0,000000 0,000000
154 1504083485 2590268,200000 -1,000000 -101,000000 0,000000 0,000000
154 1504083486 2590268,200000 -1,000000 -101,000000 0,000000 0,000000
154 1504083487 2590268,200000 -1,000000 -101,000000 0,000000 0,000000
154 1504083488 2590268,200000 -1,000000 -101,000000 0,000000 0,000000
154 1504083489 3003954,000000 -1,000000 -101,000000 0,000000 0,000000
154 1504083490 3003954,000000 -1,000000 -101,000000 0,000000 0,000000
154 1504083491 3003954,000000 -1,000000 -101,000000 0,000000 0,000000
154 1504083492 3003954,000000 -1,000000 -101,000000 0,000000 0,000000
154 1504083493 3003954,000000 -1,000000 -101,000000 0,000000 0,000000
154 1504083494 2741727,000000 -1,000000 -101,000000 0,000000 0,000000
154 1504083495 2741727,000000 -1,000000 -101,000000 0,000000 0,000000
154 1504083496 2741727,000000 -1,000000 -101,000000 0,000000 0,000000
154 1504083497 2741727,000000 -1,000000 -101,000000 0,000000 0,000000
154 1504083498 2741727,000000 -1,000000 -101,000000 0,000000 0,000000
154 1504083499 3056487,200000 -1,000000 -101,000000 0,000000 0,000000
154 1504083500 3056487,200000 -1,000000 -101,000000 0,000000 0,000000
154 1504083501 3056487,200000 -1,000000 -101,000000 0,000000 0,000000
154 1504083502 3056487,200000 -1,000000 -101,000000 0,000000 0,000000
154 1504083503 3056487,200000 -1,000000 -101,000000 0,000000 0,000000
154 1504083504 2974098,800000 -1,000000 -101,000000 0,000000 0,000000
154 1504083505 2974098,800000 -1,000000 -101,000000 0,000000 0,000000
154 1504083506 2974098,800000 -1,000000 -101,000000 0,000000 0,000000
154 1504083507 2974098,800000 -1,000000 -101,000000 0,000000 0,000000
154 1504083508 2974098,800000 -1,000000 -101,000000 0,000000 0,000000
154 1504083509 1832974,000000 -1,000000 -101,000000 0,000000 0,000000
154 1504083510 1832974,000000 -1,000000 -101,000000 0,000000 0,000000
154 1504083511 1832974,000000 -1,000000 -101,000000 0,000000 0,000000
154 1504083512 1832974,000000 -1,000000 -101,000000 0,000000 0,000000
154 1504083513 1832974,000000 -1,000000 -101,000000 0,000000 0,000000
154 1504083514 3545183,200000 -1,000000 -101,000000 0,000000 0,000000
154 1504083515 3545183,200000 -1,000000 -101,000000 0,000000 0,000000
154 1504083516 3545183,200000 -1,000000 -101,000000 0,000000 0,000000
154 1504083517 3545183,200000 -1,000000 -101,000000 0,000000 0,000000
154 1504083518 3545183,200000 -1,000000 -101,000000 0,000000 0,000000
154 1504083519 3240632,600000 -1,000000 -101,000000 0,000000 0,000000
154 1504083520 3240632,600000 -1,000000 -101,000000 0,000000 0,000000
154 1504083521 3240632,600000 -1,000000 -101,000000 0,000000 0,000000
154 1504083522 3240632,600000 -1,000000 -101,000000 0,000000 0,000000
154 1504083523 3240632,600000 -1,000000 -101,000000 0,000000 0,000000
154 1504083524 3275460,800000 -1,000000 -101,000000 0,000000 0,000000
154 1504083525 3275460,800000 -1,000000 -101,000000 0,000000 0,000000
154 1504083526 3275460,800000 -1,000000 -101,000000 0,000000 0,000000
154 1504083527 3275460,800000 -1,000000 -101,000000 0,000000 0,000000
154 1504083528 3275460,800000 -1,000000 -101,000000 0,000000 0,000000
154 1504083529 3227205,600000 -1,000000 -101,000000 0,000000 0,000000
154 1504083530 3227205,600000 -1,000000 -101,000000 0,000000 0,000000
154 1504083531 3227205,600000 -1,000000 -101,000000 0,000000 0,000000
154 1504083532 3227205,600000 -1,000000 -101,000000 0,000000 0,000000
154 1504083533 3227205,600000 -1,000000 -101,000000 0,000000 0,000000
154 1504083534 3055472,400000 -1,000000 -101,000000 0,000000 0,000000
154 1504083535 3055472,400000 -1,000000 -101,000000 0,000000 0,000000
154 1504083536 3055472,400000 -1,000000 -101,000000 0,000000 0,000000
154 1504083537 3055472,400000 -1,000000 -101,000000 0,000000 0,000000
154 1504083538 3055472,400000 -1,000000 -101,000000 0,000000 0,000000
154 1504083539 2690421,400000 -1,000000 -101,000000 0,000000 0,000000
154 1504083540 2690421,400000 -1,000000 -101,000000 0,000000 0,000000
154 1504083541 2690421,400000 -1,000000 -101,000000 0,000000 0,000000
154 1504083542 2690421,400000 -1,000000 -101,000000 0,000000 0,000000
154 1504083543 2690421,400000 -1,000000 -101,000000 0,000000 0,000000
154 1504083544 3606990,200000 -1,000000 -101,000000 0,000000 0,000000
154 1504083545 3606990,200000 -1,000000 -101,000000 0,000000 0,000000
154 1504083546 3606990,200000 -1,000000 -101,000000 0,000000 0,000000
154 1504083547 3606990,200000 -1,000000 -101,000000 0,000000 0,000000
154 1504083548 3606990,200000 -1,000000 -101,000000 0,000000 0,000000
154 1504083549 3115507,800000 -1,000000 -101,000000 0,000000 0,000000
154 1504083550 3115507,800000 -1,000000 -101,000000 0,000000 0,000000
154 1504083551 3115507,800000 -1,000000 -101,000000 0,000000 0,000000
154 1504083552 3115507,800000 -1,000000 -101,000000 0,000000 0,000000
154 1504083553 3115507,800000 -1,000000 -101,000000 0,000000 0,000000
154 1504083554 3110231,000000 -1,000000 -101,000000 0,000000 0,000000
154 1504083555 3110231,000000 -1,000000 -101,000000 0,000000 0,000000
154 1504083556 3110231,000000 -1,000000 -101,000000 0,000000 0,000000
154 1504083557 3110231,000000 -1,000000 -101,000000 0,000000 0,000000
154 1504083558 3110231,000000 -1,000000 -101,000000 0,000000 0,000000
154 1504083559 3429841,800000 -1,000000 -101,000000 0,000000 0,000000
154 1504083560 3429841,800000 -1,000000 -101,000000 0,000000 0,000000
154 1504083561 3429841,800000 -1,000000 -101,000000 0,000000 0,000000
154 1504083562 3429841,800000 -1,000000 -101,000000 0,000000 0,000000
154 1504083563 3429841,800000 -1,000000 -101,000000 0,000000 0,000000
154 1504083564 2482132,600000 -1,000000 -101,000000 0,000000 0,000000
154 1504083565 2482132,600000 -1,000000 -101,000000 0,000000 0,000000
154 1504083566 2482132,600000 -1,000000 -101,000000 0,000000 0,000000
154 1504083567 2482132,600000 -1,000000 -101,000000 0,000000 0,000000
154 1504083568 2482132,600000 -1,000000 -101,000000 0,000000 0,000000
154 1504083569 1620450,800000 -1,000000 -101,000000 0,000000 0,000000
154 1504083570 1620450,800000 -1,000000 -101,000000 0,000000 0,000000
154 1504083571 1620450,800000 -1,000000 -101,000000 0,000000 0,000000
154 1504083572 1620450,800000 -1,000000 -101,000000 0,000000 0,000000
154 1504083573 1620450,800000 -1,000000 -101,000000 0,000000 0,000000
154 1504083574 3407114,200000 -1,000000 -101,000000 0,000000 0,000000
154 1504083575 3407114,200000 -1,000000 -101,000000 0,000000 0,000000
154 1504083576 3407114,200000 -1,000000 -101,000000 0,000000 0,000000
154 1504083577 3407114,200000 -1,000000 -101,000000 0,000000 0,000000
154 1504083578 3407114,200000 -1,000000 -101,000000 0,000000 0,000000
154 1504083579 3232254,200000 -1,000000 -101,000000 0,000000 0,000000
154 1504083580 3232254,200000 -1,000000 -101,000000 0,000000 0,000000
154 1504083581 3232254,200000 -1,000000 -101,000000 0,000000 0,000000
154 1504083582 3232254,200000 -1,000000 -101,000000 0,000000 0,000000
154 1504083583 3232254,200000 -1,000000 -101,000000 0,000000 0,000000
154 1504083584 3518350,400000 -1,000000 -101,000000 0,000000 0,000000
154 1504083585 3518350,400000 -1,000000 -101,000000 0,000000 0,000000
154 1504083586 3518350,400000 -1,000000 -101,000000 0,000000 0,000000
154 1504083587 3518350,400000 -1,000000 -101,000000 0,000000 0,000000
154 1504083588 3518350,400000 -1,000000 -101,000000 0,000000 0,000000
154 1504083589 2959733,200000 -1,000000 -101,000000 0,000000 0,000000
154 1504083590 2959733,200000 -1,000000 -101,000000 0,000000 0,000000
154 1504083591 2959733,200000 -1,000000 -101,000000 0,000000 0,000000
154 1504083592 2959733,200000 -1,000000 -101,000000 0,000000 0,000000
154 1504083593 2959733,200000 -1,000000 -101,000000 0,000000 0,000000
154 1504083594 2800320,400000 -1,000000 -101,000000 0,000000 0,000000
154 1504083595 2800320,400000 -1,000000 -101,000000 0,000000 0,000000
154 1504083596 2800320,400000 -1,000000 -101,000000 0,000000 0,000000
154 1504083597 2800320,400000 -1,000000 -101,000000 0,000000 0,000000
154 1504083598 2800320,400000 -1,000000 -101,000000 0,000000 0,000000
154 1504083599 3204557,000000 -1,000000 -101,000000 0,000000 0,000000
154 1504083600 3204557,000000 -1,000000 -101,000000 0,000000 0,000000
154 1504083601 3204557,000000 -1,000000 -101,000000 0,000000 0,000000
154 1504083602 3204557,000000 -1,000000 -101,000000 0,000000 0,000000
154 1504083603 3204557,000000 -1,000000 -101,000000 0,000000 0,000000
154 1504083604 3410186,200000 -1,000000 -101,000000 0,000000 0,000000
154 1504083605 3410186,200000 -1,000000 -101,000000 0,000000 0,000000
154 1504083606 3410186,200000 -1,000000 -101,000000 0,000000 0,000000
154 1504083607 3410186,200000 -1,000000 -101,000000 0,000000 0,000000
154 1504083608 3410186,200000 -1,000000 -101,000000 0,000000 0,000000
154 1504083609 2686156,200000 -1,000000 -101,000000 0,000000 0,000000
154 1504083610 2686156,200000 -1,000000 -101,000000 0,000000 0,000000
154 1504083611 2686156,200000 -1,000000 -101,000000 0,000000 0,000000
154 1504083612 2686156,200000 -1,000000 -101,000000 0,000000 0,000000
154 1504083613 2686156,200000 -1,000000 -101,000000 0,000000 0,000000
154 1504083614 3490182,200000 -1,000000 -101,000000 0,000000 0,000000
154 1504083615 3490182,200000 -1,000000 -101,000000 0,000000 0,000000
154 1504083616 3490182,200000 -1,000000 -101,000000 0,000000 0,000000
154 1504083617 3490182,200000 -1,000000 -101,000000 0,000000 0,000000
154 1504083618 3490182,200000 -1,000000 -101,000000 0,000000 0,000000
154 1504083619 3183401,400000 -1,000000 -101,000000 0,000000 0,000000
154 1504083620 3183401,400000 -1,000000 -101,000000 0,000000 0,000000
154 1504083621 3183401,400000 -1,000000 -101,000000 0,000000 0,000000
154 1504083622 3183401,400000 -1,000000 -101,000000 0,000000 0,000000
154 1504083623 3183401,400000 -1,000000 -101,000000 0,000000 0,000000
154 1504083624 3722930,600000 -1,000000 -101,000000 0,000000 0,000000
154 1504083625 3722930,600000 -1,000000 -101,000000 0,000000 0,000000
154 1504083626 3722930,600000 -1,000000 -101,000000 0,000000 0,000000
154 1504083627 3722930,600000 -1,000000 -101,000000 0,000000 0,000000
154 1504083628 3722930,600000 -1,000000 -101,000000 0,000000 0,000000
154 1504083629 4318112,600000 -1,000000 -101,000000 0,000000 0,000000
154 1504083630 4318112,600000 -1,000000 -101,000000 0,000000 0,000000
154 1504083631 4318112,600000 -1,000000 -101,000000 0,000000 0,000000
154 1504083632 4318112,600000 -1,000000 -101,000000 0,000000 0,000000
154 1504083633 4318112,600000 -1,000000 -101,000000 0,000000 0,000000
154 1504083634 2754183,000000 -1,000000 -101,000000 0,000000 0,000000
154 1504083635 2754183,000000 -1,000000 -101,000000 0,000000 0,000000
154 1504083636 2754183,000000 -1,000000 -101,000000 0,000000 0,000000
154 1504083637 2754183,000000 -1,000000 -101,000000 0,000000 0,000000
154 1504083638 2754183,000000 -1,000000 -101,000000 0,000000 0,000000
154 1504083639 4302646,400000 -1,000000 -101,000000 0,000000 0,000000
154 1504083640 4302646,400000 -1,000000 -101,000000 0,000000 0,000000
154 1504083641 4302646,400000 -1,000000 -101,000000 0,000000 0,000000
154 1504083642 4302646,400000 -1,000000 -101,000000 0,000000 0,000000
154 1504083643 4302646,400000 -1,000000 -101,000000 0,000000 0,000000
154 1504083644 3614528,600000 -1,000000 -101,000000 0,000000 0,000000
154 1504083645 3614528,600000 -1,000000 -101,000000 0,000000 0,000000
154 1504083646 3614528,600000 -1,000000 -101,000000 0,000000 0,000000
154 1504083647 3614528,600000 -1,000000 -101,000000 0,000000 0,000000
154 1504083648 3614528,600000 -1,000000 -101,000000 0,000000 0,000000
154 1504083649 3382255,800000 -1,000000 -101,000000 0,000000 0,000000
154 1504083650 3382255,800000 -1,000000 -101,000000 0,000000 0,000000
154 1504083651 3382255,800000 -1,000000 -101,000000 0,000000 0,000000
154 1504083652 3382255,800000 -1,000000 -101,000000 0,000000 0,000000
154 1504083653 3382255,800000 -1,000000 -101,000000 0,000000 0,000000
154 1504083654 3114838,600000 -1,000000 -101,000000 0,000000 0,000000
154 1504083655 3114838,600000 -1,000000 -101,000000 0,000000 0,000000
154 1504083656 3114838,600000 -1,000000 -101,000000 0,000000 0,000000
154 1504083657 3114838,600000 -1,000000 -101,000000 0,000000 0,000000
154 1504083658 3114838,600000 -1,000000 -101,000000 0,000000 0,000000
154 1504083659 4833692,000000 -1,000000 -101,000000 0,000000 0,000000
154 1504083660 4833692,000000 -1,000000 -101,000000 0,000000 0,000000
154 1504083661 4833692,000000 -1,000000 -101,000000 0,000000 0,000000
154 1504083662 4833692,000000 -1,000000 -101,000000 0,000000 0,000000
154 1504083663 4833692,000000 -1,000000 -101,000000 0,000000 0,000000
154 1504083664 1908205,600000 -1,000000 -101,000000 0,000000 0,000000
154 1504083665 1908205,600000 -1,000000 -101,000000 0,000000 0,000000
154 1504083666 1908205,600000 -1,000000 -101,000000 0,000000 0,000000
154 1504083667 1908205,600000 -1,000000 -101,000000 0,000000 0,000000
154 1504083668 1908205,600000 -1,000000 -101,000000 0,000000 0,000000
154 1504083669 3456729,800000 -1,000000 -101,000000 0,000000 0,000000
154 1504083670 3456729,800000 -1,000000 -101,000000 0,000000 0,000000
154 1504083671 3456729,800000 -1,000000 -101,000000 0,000000 0,000000
154 1504083672 3456729,800000 -1,000000 -101,000000 0,000000 0,000000
154 1504083673 3456729,800000 -1,000000 -101,000000 0,000000 0,000000
154 1504083674 4139870,200000 -1,000000 -101,000000 0,000000 0,000000
154 1504083675 4139870,200000 -1,000000 -101,000000 0,000000 0,000000
154 1504083676 4139870,200000 -1,000000 -101,000000 0,000000 0,000000
154 1504083677 4139870,200000 -1,000000 -101,000000 0,000000 0,000000
154 1504083678 4139870,200000 -1,000000 -101,000000 0,000000 0,000000
154 1504083679 3809428,200000 -1,000000 -101,000000 0,000000 0,000000
154 1504083680 3809428,200000 -1,000000 -101,000000 0,000000 0,000000
154 1504083681 3809428,200000 -1,000000 -101,000000 0,000000 0,000000
154 1504083682 3809428,200000 -1,000000 -101,000000 0,000000 0,000000
154 1504083683 3809428,200000 -1,000000 -101,000000 0,000000 0,000000
154 1504083684 3089479,400000 -1,000000 -101,000000 0,000000 0,000000
154 1504083685 3089479,400000 -1,000000 -101,000000 0,000000 0,000000
154 1504083686 3089479,400000 -1,000000 -101,000000 0,000000 0,000000
154 1504083687 3089479,400000 -1,000000 -101,000000 0,000000 0,000000
154 1504083688 3089479,400000 -1,000000 -101,000000 0,000000 0,000000
154 1504083689 2048728,200000 -1,000000 -101,000000 0,000000 0,000000
154 1504083690 2048728,200000 -1,000000 -101,000000 0,000000 0,000000
154 1504083691 2048728,200000 -1,000000 -101,000000 0,000000 0,000000
154 1504083692 2048728,200000 -1,000000 -101,000000 0,000000 0,000000
154 1504083693 2048728,200000 -1,000000 -101,000000 0,000000 0,000000
154 1504083694 142510,200000 -1,000000 -101,000000 0,000000 0,000000
154 1504083695 142510,200000 -1,000000 -101,000000 0,000000 0,000000
154 1504083696 142510,200000 -1,000000 -101,000000 0,000000 0,000000
154 1504083697 142510,200000 -1,000000 -101,000000 0,000000 0,000000
154 1504083698 142510,200000 -1,000000 -101,000000 0,000000 0,000000
154 1504083699 2039698,600000 -1,000000 -101,000000 0,000000 0,000000
154 1504083700 2039698,600000 -1,000000 -101,000000 0,000000 0,000000
154 1504083701 2039698,600000 -1,000000 -101,000000 0,000000 0,000000
154 1504083702 2039698,600000 -1,000000 -101,000000 0,000000 0,000000
154 1504083703 2039698,600000 -1,000000 -101,000000 0,000000 0,000000
154 1504083704 4105880,400000 -1,000000 -101,000000 0,000000 0,000000
154 1504083705 4105880,400000 -1,000000 -101,000000 0,000000 0,000000
154 1504083706 4105880,400000 -1,000000 -101,000000 0,000000 0,000000
154 1504083707 4105880,400000 -1,000000 -101,000000 0,000000 0,000000
154 1504083708 4105880,400000 -1,000000 -101,000000 0,000000 0,000000
154 1504083709 3558852,800000 -1,000000 -101,000000 0,000000 0,000000
154 1504083710 3558852,800000 -1,000000 -101,000000 0,000000 0,000000
154 1504083711 3558852,800000 -1,000000 -101,000000 0,000000 0,000000
154 1504083712 3558852,800000 -1,000000 -101,000000 0,000000 0,000000
154 1504083713 3558852,800000 -1,000000 -101,000000 0,000000 0,000000
154 1504083714 3474595,600000 -1,000000 -101,000000 0,000000 0,000000
154 1504083715 3474595,600000 -1,000000 -101,000000 0,000000 0,000000
154 1504083716 3474595,600000 -1,000000 -101,000000 0,000000 0,000000
154 1504083717 3474595,600000 -1,000000 -101,000000 0,000000 0,000000
154 1504083718 3474595,600000 -1,000000 -101,000000 0,000000 0,000000
154 1504083719 4118016,400000 -1,000000 -101,000000 0,000000 0,000000
154 1504083720 4118016,400000 -1,000000 -101,000000 0,000000 0,000000
154 1504083721 4118016,400000 -1,000000 -101,000000 0,000000 0,000000
154 1504083722 4118016,400000 -1,000000 -101,000000 0,000000 0,000000
154 1504083723 4118016,400000 -1,000000 -101,000000 0,000000 0,000000
154 1504083724 3988162,800000 -1,000000 -101,000000 0,000000 0,000000
154 1504083725 3988162,800000 -1,000000 -101,000000 0,000000 0,000000
154 1504083726 3988162,800000 -1,000000 -101,000000 0,000000 0,000000
154 1504083727 3988162,800000 -1,000000 -101,000000 0,000000 0,000000
154 1504083728 3988162,800000 -1,000000 -101,000000 0,000000 0,000000
154 1504083729 3583751,800000 -1,000000 -101,000000 0,000000 0,000000
154 1504083730 3583751,800000 -1,000000 -101,000000 0,000000 0,000000
154 1504083731 3583751,800000 -1,000000 -101,000000 0,000000 0,000000
154 1504083732 3583751,800000 -1,000000 -101,000000 0,000000 0,000000
154 1504083733 3583751,800000 -1,000000 -101,000000 0,000000 0,000000
154 1504083734 3142885,200000 -1,000000 -101,000000 0,000000 0,000000
154 1504083735 3142885,200000 -1,000000 -101,000000 0,000000 0,000000
154 1504083736 3142885,200000 -1,000000 -101,000000 0,000000 0,000000
154 1504083737 3142885,200000 -1,000000 -101,000000 0,000000 0,000000
154 1504083738 3142885,200000 -1,000000 -101,000000 0,000000 0,000000
154 1504083739 3643512,800000 -1,000000 -101,000000 0,000000 0,000000
154 1504083740 3643512,800000 -1,000000 -101,000000 0,000000 0,000000
154 1504083741 3643512,800000 -1,000000 -101,000000 0,000000 0,000000
154 1504083742 3643512,800000 -1,000000 -101,000000 0,000000 0,000000
154 1504083743 3643512,800000 -1,000000 -101,000000 0,000000 0,000000
154 1504083744 4425188,600000 -1,000000 -101,000000 0,000000 0,000000
154 1504083745 4425188,600000 -1,000000 -101,000000 0,000000 0,000000
154 1504083746 4425188,600000 -1,000000 -101,000000 0,000000 0,000000
154 1504083747 4425188,600000 -1,000000 -101,000000 0,000000 0,000000
154 1504083748 4425188,600000 -1,000000 -101,000000 0,000000 0,000000
154 1504083749 3433461,000000 -1,000000 -101,000000 0,000000 0,000000
154 1504083750 3433461,000000 -1,000000 -101,000000 0,000000 0,000000
154 1504083751 3433461,000000 -1,000000 -101,000000 0,000000 0,000000
154 1504083752 3433461,000000 -1,000000 -101,000000 0,000000 0,000000
154 1504083753 3433461,000000 -1,000000 -101,000000 0,000000 0,000000
154 1504083754 2872907,800000 -1,000000 -101,000000 0,000000 0,000000
154 1504083755 2872907,800000 -1,000000 -101,000000 0,000000 0,000000
154 1504083756 2872907,800000 -1,000000 -101,000000 0,000000 0,000000
154 1504083757 2872907,800000 -1,000000 -101,000000 0,000000 0,000000
154 1504083758 2872907,800000 -1,000000 -101,000000 0,000000 0,000000
154 1504083818 4003429,600000 -1,000000 4003429,600000 4003429,600000 0,000000
154 1504083817 4003429,600000 -1,000000 4003429,600000 4003429,600000 0,000000
154 1504083816 4003429,600000 -1,000000 4003429,600000 4003429,600000 0,000000
154 1504083815 4003429,600000 -1,000000 4003429,600000 4003429,600000 0,000000
154 1504083814 4003429,600000 -1,000000 4003429,600000 4003429,600000 0,000000
154 1504083813 4205756,000000 -1,000000 4205756,000000 4205756,000000 0,000000
154 1504083812 4205756,000000 -1,000000 4205756,000000 4205756,000000 0,000000
154 1504083811 4205756,000000 -1,000000 4205756,000000 4205756,000000 0,000000
154 1504083810 4205756,000000 -1,000000 4205756,000000 4205756,000000 0,000000
154 1504083809 4205756,000000 -1,000000 4205756,000000 4205756,000000 0,000000
154 1504083808 2648267,600000 -1,000000 2648267,600000 2648267,600000 0,000000
154 1504083807 2648267,600000 -1,000000 2648267,600000 2648267,600000 0,000000
154 1504083806 2648267,600000 -1,000000 2648267,600000 2648267,600000 0,000000
154 1504083805 2648267,600000 -1,000000 2648267,600000 2648267,600000 0,000000
154 1504083804 2648267,600000 -1,000000 2648267,600000 2648267,600000 0,000000
154 1504083803 3053498,200000 -1,000000 3053498,200000 3053498,200000 0,000000
154 1504083802 3053498,200000 -1,000000 3053498,200000 3053498,200000 0,000000
154 1504083801 3053498,200000 -1,000000 3053498,200000 3053498,200000 0,000000
154 1504083800 3053498,200000 -1,000000 3053498,200000 3053498,200000 0,000000
154 1504083799 3053498,200000 -1,000000 3053498,200000 3053498,200000 0,000000
154 1504083798 4199345,200000 -1,000000 4199345,200000 4199345,200000 0,000000
154 1504083797 4199345,200000 -1,000000 4199345,200000 4199345,200000 0,000000
154 1504083796 4199345,200000 -1,000000 4199345,200000 4199345,200000 0,000000
154 1504083795 4199345,200000 -1,000000 4199345,200000 4199345,200000 0,000000
154 1504083794 4199345,200000 -1,000000 4199345,200000 4199345,200000 0,000000
154 1504083793 4231301,800000 -1,000000 4231301,800000 4231301,800000 0,000000
154 1504083792 4231301,800000 -1,000000 4231301,800000 4231301,800000 0,000000
154 1504083791 4231301,800000 -1,000000 4231301,800000 4231301,800000 0,000000
154 1504083790 4231301,800000 -1,000000 4231301,800000 4231301,800000 0,000000
154 1504083789 4231301,800000 -1,000000 4231301,800000 4231301,800000 0,000000
154 1504083788 3326793,200000 -1,000000 3326793,200000 3326793,200000 0,000000
154 1504083787 3326793,200000 -1,000000 3326793,200000 3326793,200000 0,000000
154 1504083786 3326793,200000 -1,000000 3326793,200000 3326793,200000 0,000000
154 1504083785 3326793,200000 -1,000000 3326793,200000 3326793,200000 0,000000
154 1504083784 3326793,200000 -1,000000 3326793,200000 3326793,200000 0,000000
154 1504083783 4804458,800000 -1,000000 4804458,800000 4804458,800000 0,000000
154 1504083782 4804458,800000 -1,000000 4804458,800000 4804458,800000 0,000000
154 1504083781 4804458,800000 -1,000000 4804458,800000 4804458,800000 0,000000
154 1504083780 4804458,800000 -1,000000 4804458,800000 4804458,800000 0,000000
154 1504083779 4804458,800000 -1,000000 4804458,800000 4804458,800000 0,000000
154 1504083778 3281940,600000 -1,000000 3281940,600000 3281940,600000 0,000000
154 1504083777 3281940,600000 -1,000000 3281940,600000 3281940,600000 0,000000
154 1504083776 3281940,600000 -1,000000 3281940,600000 3281940,600000 0,000000
154 1504083775 3281940,600000 -1,000000 3281940,600000 3281940,600000 0,000000
154 1504083774 3281940,600000 -1,000000 3281940,600000 3281940,600000 0,000000
154 1504083773 3614139,800000 -1,000000 3614139,800000 3614139,800000 0,000000
154 1504083772 3614139,800000 -1,000000 3614139,800000 3614139,800000 0,000000
154 1504083771 3614139,800000 -1,000000 3614139,800000 3614139,800000 0,000000
154 1504083770 3614139,800000 -1,000000 3614139,800000 3614139,800000 0,000000
154 1504083769 3614139,800000 -1,000000 3614139,800000 3614139,800000 0,000000
154 1504083768 3623491,400000 -1,000000 3623491,400000 3623491,400000 0,000000
154 1504083767 3623491,400000 -1,000000 3623491,400000 3623491,400000 0,000000
154 1504083766 3623491,400000 -1,000000 3623491,400000 3623491,400000 0,000000
154 1504083765 3623491,400000 -1,000000 3623491,400000 3623491,400000 0,000000
154 1504083764 3623491,400000 -1,000000 3623491,400000 3623491,400000 0,000000
154 1504083763 4097170,000000 -1,000000 4097170,000000 4097170,000000 0,000000
154 1504083762 4097170,000000 -1,000000 4097170,000000 4097170,000000 0,000000
154 1504083761 4097170,000000 -1,000000 4097170,000000 4097170,000000 0,000000
154 1504083760 4097170,000000 -1,000000 4097170,000000 4097170,000000 0,000000
154 1504083759 4097170,000000 -1,000000 4097170,000000 4097170,000000 0,000000
154 1504083759 4097170,000000 -1,000000 -101,000000 0,000000 0,000000
154 1504083760 4097170,000000 -1,000000 -101,000000 0,000000 0,000000
154 1504083761 4097170,000000 -1,000000 -101,000000 0,000000 0,000000
154 1504083762 4097170,000000 -1,000000 -101,000000 0,000000 0,000000
154 1504083763 4097170,000000 -1,000000 -101,000000 0,000000 0,000000
154 1504083764 3623491,400000 -1,000000 -101,000000 0,000000 0,000000
154 1504083765 3623491,400000 -1,000000 -101,000000 0,000000 0,000000
154 1504083766 3623491,400000 -1,000000 -101,000000 0,000000 0,000000
154 1504083767 3623491,400000 -1,000000 -101,000000 0,000000 0,000000
154 1504083768 3623491,400000 -1,000000 -101,000000 0,000000 0,000000
154 1504083769 3614139,800000 -1,000000 -101,000000 0,000000 0,000000
154 1504083770 3614139,800000 -1,000000 -101,000000 0,000000 0,000000
154 1504083771 3614139,800000 -1,000000 -101,000000 0,000000 0,000000
154 1504083772 3614139,800000 -1,000000 -101,000000 0,000000 0,000000
154 1504083773 3614139,800000 -1,000000 -101,000000 0,000000 0,000000
154 1504083774 3281940,600000 -1,000000 -101,000000 0,000000 0,000000
154 1504083775 3281940,600000 -1,000000 -101,000000 0,000000 0,000000
154 1504083776 3281940,600000 -1,000000 -101,000000 0,000000 0,000000
154 1504083777 3281940,600000 -1,000000 -101,000000 0,000000 0,000000
154 1504083778 3281940,600000 -1,000000 -101,000000 0,000000 0,000000
154 1504083779 4804458,800000 -1,000000 -101,000000 0,000000 0,000000
154 1504083780 4804458,800000 -1,000000 -101,000000 0,000000 0,000000
154 1504083781 4804458,800000 -1,000000 -101,000000 0,000000 0,000000
154 1504083782 4804458,800000 -1,000000 -101,000000 0,000000 0,000000
154 1504083783 4804458,800000 -1,000000 -101,000000 0,000000 0,000000
154 1504083784 3326793,200000 -1,000000 -101,000000 0,000000 0,000000
154 1504083785 3326793,200000 -1,000000 -101,000000 0,000000 0,000000
154 1504083786 3326793,200000 -1,000000 -101,000000 0,000000 0,000000
154 1504083787 3326793,200000 -1,000000 -101,000000 0,000000 0,000000
154 1504083788 3326793,200000 -1,000000 -101,000000 0,000000 0,000000
154 1504083789 4231301,800000 -1,000000 -101,000000 0,000000 0,000000
154 1504083790 4231301,800000 -1,000000 -101,000000 0,000000 0,000000
154 1504083791 4231301,800000 -1,000000 -101,000000 0,000000 0,000000
154 1504083792 4231301,800000 -1,000000 -101,000000 0,000000 0,000000
154 1504083793 4231301,800000 -1,000000 -101,000000 0,000000 0,000000
154 1504083794 4199345,200000 -1,000000 -101,000000 0,000000 0,000000
154 1504083795 4199345,200000 -1,000000 -101,000000 0,000000 0,000000
154 1504083796 4199345,200000 -1,000000 -101,000000 0,000000 0,000000
154 1504083797 4199345,200000 -1,000000 -101,000000 0,000000 0,000000
154 1504083798 4199345,200000 -1,000000 -101,000000 0,000000 0,000000
154 1504083799 3053498,200000 -1,000000 -101,000000 0,000000 0,000000
154 1504083800 3053498,200000 -1,000000 -101,000000 0,000000 0,000000
154 1504083801 3053498,200000 -1,000000 -101,000000 0,000000 0,000000
154 1504083802 3053498,200000 -1,000000 -101,000000 0,000000 0,000000
154 1504083803 3053498,200000 -1,000000 -101,000000 0,000000 0,000000
154 1504083804 2648267,600000 -1,000000 -101,000000 0,000000 0,000000
154 1504083805 2648267,600000 -1,000000 -101,000000 0,000000 0,000000
154 1504083806 2648267,600000 -1,000000 -101,000000 0,000000 0,000000
154 1504083807 2648267,600000 -1,000000 -101,000000 0,000000 0,000000
154 1504083808 2648267,600000 -1,000000 -101,000000 0,000000 0,000000
154 1504083809 4205756,000000 -1,000000 -101,000000 0,000000 0,000000
154 1504083810 4205756,000000 -1,000000 -101,000000 0,000000 0,000000
154 1504083811 4205756,000000 -1,000000 -101,000000 0,000000 0,000000
154 1504083812 4205756,000000 -1,000000 -101,000000 0,000000 0,000000
154 1504083813 4205756,000000 -1,000000 -101,000000 0,000000 0,000000
154 1504083814 4003429,600000 -1,000000 -101,000000 0,000000 0,000000
154 1504083815 4003429,600000 -1,000000 -101,000000 0,000000 0,000000
154 1504083816 4003429,600000 -1,000000 -101,000000 0,000000 0,000000
154 1504083817 4003429,600000 -1,000000 -101,000000 0,000000 0,000000
154 1504083818 4003429,600000 -1,000000 -101,000000 0,000000 0,000000
154 1504083819 4290643,000000 -1,000000 -101,000000 0,000000 0,000000
154 1504083820 4290643,000000 -1,000000 -101,000000 0,000000 0,000000
154 1504083821 4290643,000000 -1,000000 -101,000000 0,000000 0,000000
154 1504083822 4290643,000000 -1,000000 -101,000000 0,000000 0,000000
154 1504083823 4290643,000000 -1,000000 -101,000000 0,000000 0,000000
154 1504083824 3665273,600000 -1,000000 -101,000000 0,000000 0,000000
154 1504083825 3665273,600000 -1,000000 -101,000000 0,000000 0,000000
154 1504083826 3665273,600000 -1,000000 -101,000000 0,000000 0,000000
154 1504083827 3665273,600000 -1,000000 -101,000000 0,000000 0,000000
154 1504083828 3665273,600000 -1,000000 -101,000000 0,000000 0,000000
154 1504083829 4028599,600000 -1,000000 -101,000000 0,000000 0,000000
154 1504083830 4028599,600000 -1,000000 -101,000000 0,000000 0,000000
154 1504083831 4028599,600000 -1,000000 -101,000000 0,000000 0,000000
154 1504083832 4028599,600000 -1,000000 -101,000000 0,000000 0,000000
154 1504083833 4028599,600000 -1,000000 -101,000000 0,000000 0,000000
154 1504083834 4892676,400000 -1,000000 -101,000000 0,000000 0,000000
154 1504083835 4892676,400000 -1,000000 -101,000000 0,000000 0,000000
154 1504083836 4892676,400000 -1,000000 -101,000000 0,000000 0,000000
154 1504083837 4892676,400000 -1,000000 -101,000000 0,000000 0,000000
154 1504083838 4892676,400000 -1,000000 -101,000000 0,000000 0,000000
154 1504083839 3116724,800000 -1,000000 -101,000000 0,000000 0,000000
154 1504083840 3116724,800000 -1,000000 -101,000000 0,000000 0,000000
154 1504083841 3116724,800000 -1,000000 -101,000000 0,000000 0,000000
154 1504083842 3116724,800000 -1,000000 -101,000000 0,000000 0,000000
154 1504083843 3116724,800000 -1,000000 -101,000000 0,000000 0,000000
154 1504083844 4833466,400000 -1,000000 -101,000000 0,000000 0,000000
154 1504083845 4833466,400000 -1,000000 -101,000000 0,000000 0,000000
154 1504083846 4833466,400000 -1,000000 -101,000000 0,000000 0,000000
154 1504083847 4833466,400000 -1,000000 -101,000000 0,000000 0,000000
154 1504083848 4833466,400000 -1,000000 -101,000000 0,000000 0,000000
154 1504083849 3489745,600000 -1,000000 -101,000000 0,000000 0,000000
154 1504083850 3489745,600000 -1,000000 -101,000000 0,000000 0,000000
154 1504083851 3489745,600000 -1,000000 -101,000000 0,000000 0,000000
154 1504083852 3489745,600000 -1,000000 -101,000000 0,000000 0,000000
154 1504083853 3489745,600000 -1,000000 -101,000000 0,000000 0,000000
154 1504083854 4321101,000000 -1,000000 -101,000000 0,000000 0,000000
154 1504083855 4321101,000000 -1,000000 -101,000000 0,000000 0,000000
154 1504083856 4321101,000000 -1,000000 -101,000000 0,000000 0,000000
154 1504083857 4321101,000000 -1,000000 -101,000000 0,000000 0,000000
154 1504083858 4321101,000000 -1,000000 -101,000000 0,000000 0,000000
154 1504083859 3098932,000000 -1,000000 -101,000000 0,000000 0,000000
154 1504083860 3098932,000000 -1,000000 -101,000000 0,000000 0,000000
154 1504083861 3098932,000000 -1,000000 -101,000000 0,000000 0,000000
154 1504083862 3098932,000000 -1,000000 -101,000000 0,000000 0,000000
154 1504083863 3098932,000000 -1,000000 -101,000000 0,000000 0,000000
154 1504083864 4620727,800000 -1,000000 -101,000000 0,000000 0,000000
154 1504083865 4620727,800000 -1,000000 -101,000000 0,000000 0,000000
154 1504083866 4620727,800000 -1,000000 -101,000000 0,000000 0,000000
154 1504083867 4620727,800000 -1,000000 -101,000000 0,000000 0,000000
154 1504083868 4620727,800000 -1,000000 -101,000000 0,000000 0,000000
154 1504083869 3885135,000000 -1,000000 -101,000000 0,000000 0,000000
154 1504083870 3885135,000000 -1,000000 -101,000000 0,000000 0,000000
154 1504083871 3885135,000000 -1,000000 -101,000000 0,000000 0,000000
154 1504083872 3885135,000000 -1,000000 -101,000000 0,000000 0,000000
154 1504083873 3885135,000000 -1,000000 -101,000000 0,000000 0,000000
154 1504083874 2980617,800000 -1,000000 -101,000000 0,000000 0,000000
154 1504083875 2980617,800000 -1,000000 -101,000000 0,000000 0,000000
154 1504083876 2980617,800000 -1,000000 -101,000000 0,000000 0,000000
154 1504083877 2980617,800000 -1,000000 -101,000000 0,000000 0,000000
154 1504083878 2980617,800000 -1,000000 -101,000000 0,000000 0,000000
154 1504083879 3597602,000000 -1,000000 -101,000000 0,000000 0,000000
154 1504083880 3597602,000000 -1,000000 -101,000000 0,000000 0,000000
154 1504083881 3597602,000000 -1,000000 -101,000000 0,000000 0,000000
154 1504083882 3597602,000000 -1,000000 -101,000000 0,000000 0,000000
154 1504083883 3597602,000000 -1,000000 -101,000000 0,000000 0,000000
154 1504083884 5053368,000000 -1,000000 -101,000000 0,000000 0,000000
154 1504083885 5053368,000000 -1,000000 -101,000000 0,000000 0,000000
154 1504083886 5053368,000000 -1,000000 -101,000000 0,000000 0,000000
154 1504083887 5053368,000000 -1,000000 -101,000000 0,000000 0,000000
154 1504083888 5053368,000000 -1,000000 -101,000000 0,000000 0,000000
154 1504083889 3319811,800000 -1,000000 -101,000000 0,000000 0,000000
154 1504083890 3319811,800000 -1,000000 -101,000000 0,000000 0,000000
154 1504083891 3319811,800000 -1,000000 -101,000000 0,000000 0,000000
154 1504083892 3319811,800000 -1,000000 -101,000000 0,000000 0,000000
154 1504083893 3319811,800000 -1,000000 -101,000000 0,000000 0,000000
154 1504083894 3988746,600000 -1,000000 -101,000000 0,000000 0,000000
154 1504083895 3988746,600000 -1,000000 -101,000000 0,000000 0,000000
154 1504083896 3988746,600000 -1,000000 -101,000000 0,000000 0,000000
154 1504083897 3988746,600000 -1,000000 -101,000000 0,000000 0,000000
154 1504083898 3988746,600000 -1,000000 -101,000000 0,000000 0,000000
154 1504083899 4731584,400000 -1,000000 -101,000000 0,000000 0,000000
154 1504083900 4731584,400000 -1,000000 -101,000000 0,000000 0,000000
154 1504083901 4731584,400000 -1,000000 -101,000000 0,000000 0,000000
154 1504083902 4731584,400000 -1,000000 -101,000000 0,000000 0,000000
154 1504083903 4731584,400000 -1,000000 -101,000000 0,000000 0,000000
154 1504083904 2888548,400000 -1,000000 -101,000000 0,000000 0,000000
154 1504083905 2888548,400000 -1,000000 -101,000000 0,000000 0,000000
154 1504083906 2888548,400000 -1,000000 -101,000000 0,000000 0,000000
154 1504083907 2888548,400000 -1,000000 -101,000000 0,000000 0,000000
154 1504083908 2888548,400000 -1,000000 -101,000000 0,000000 0,000000
154 1504083909 4608584,600000 -1,000000 -101,000000 0,000000 0,000000
154 1504083910 4608584,600000 -1,000000 -101,000000 0,000000 0,000000
154 1504083911 4608584,600000 -1,000000 -101,000000 0,000000 0,000000
154 1504083912 4608584,600000 -1,000000 -101,000000 0,000000 0,000000
154 1504083913 4608584,600000 -1,000000 -101,000000 0,000000 0,000000
154 1504083914 4504205,800000 -1,000000 -101,000000 0,000000 0,000000
154 1504083915 4504205,800000 -1,000000 -101,000000 0,000000 0,000000
154 1504083916 4504205,800000 -1,000000 -101,000000 0,000000 0,000000
154 1504083917 4504205,800000 -1,000000 -101,000000 0,000000 0,000000
154 1504083918 4504205,800000 -1,000000 -101,000000 0,000000 0,000000
154 1504083919 3373860,000000 -1,000000 -101,000000 0,000000 0,000000
154 1504083920 3373860,000000 -1,000000 -101,000000 0,000000 0,000000
154 1504083921 3373860,000000 -1,000000 -101,000000 0,000000 0,000000
154 1504083922 3373860,000000 -1,000000 -101,000000 0,000000 0,000000
154 1504083923 3373860,000000 -1,000000 -101,000000 0,000000 0,000000
154 1504083924 4288507,200000 -1,000000 -101,000000 0,000000 0,000000
154 1504083925 4288507,200000 -1,000000 -101,000000 0,000000 0,000000
154 1504083926 4288507,200000 -1,000000 -101,000000 0,000000 0,000000
154 1504083927 4288507,200000 -1,000000 -101,000000 0,000000 0,000000
154 1504083928 4288507,200000 -1,000000 -101,000000 0,000000 0,000000
154 1504083929 3989742,600000 -1,000000 -101,000000 0,000000 0,000000
154 1504083930 3989742,600000 -1,000000 -101,000000 0,000000 0,000000
154 1504083931 3989742,600000 -1,000000 -101,000000 0,000000 0,000000
154 1504083932 3989742,600000 -1,000000 -101,000000 0,000000 0,000000
154 1504083933 3989742,600000 -1,000000 -101,000000 0,000000 0,000000
154 1504083934 4630324,800000 -1,000000 -101,000000 0,000000 0,000000
154 1504083935 4630324,800000 -1,000000 -101,000000 0,000000 0,000000
154 1504083936 4630324,800000 -1,000000 -101,000000 0,000000 0,000000
154 1504083937 4630324,800000 -1,000000 -101,000000 0,000000 0,000000
154 1504083938 4630324,800000 -1,000000 -101,000000 0,000000 0,000000
154 1504083939 3950609,600000 -1,000000 -101,000000 0,000000 0,000000
154 1504083940 3950609,600000 -1,000000 -101,000000 0,000000 0,000000
154 1504083941 3950609,600000 -1,000000 -101,000000 0,000000 0,000000
154 1504083942 3950609,600000 -1,000000 -101,000000 0,000000 0,000000
154 1504083943 3950609,600000 -1,000000 -101,000000 0,000000 0,000000
154 1504083944 3365334,200000 -1,000000 -101,000000 0,000000 0,000000
154 1504083945 3365334,200000 -1,000000 -101,000000 0,000000 0,000000
154 1504083946 3365334,200000 -1,000000 -101,000000 0,000000 0,000000
154 1504083947 3365334,200000 -1,000000 -101,000000 0,000000 0,000000
154 1504083948 3365334,200000 -1,000000 -101,000000 0,000000 0,000000
154 1504083949 4725847,000000 -1,000000 -101,000000 0,000000 0,000000
154 1504083950 4725847,000000 -1,000000 -101,000000 0,000000 0,000000
154 1504083951 4725847,000000 -1,000000 -101,000000 0,000000 0,000000
154 1504083952 4725847,000000 -1,000000 -101,000000 0,000000 0,000000
154 1504083953 4725847,000000 -1,000000 -101,000000 0,000000 0,000000
154 1504083954 4915104,400000 -1,000000 -101,000000 0,000000 0,000000
154 1504083955 4915104,400000 -1,000000 -101,000000 0,000000 0,000000
154 1504083956 4915104,400000 -1,000000 -101,000000 0,000000 0,000000
154 1504083957 4915104,400000 -1,000000 -101,000000 0,000000 0,000000
154 1504083958 4915104,400000 -1,000000 -101,000000 0,000000 0,000000
154 1504083959 3629658,000000 -1,000000 -101,000000 0,000000 0,000000
154 1504083960 3629658,000000 -1,000000 -101,000000 0,000000 0,000000
154 1504083961 3629658,000000 -1,000000 -101,000000 0,000000 0,000000
154 1504083962 3629658,000000 -1,000000 -101,000000 0,000000 0,000000
154 1504083963 3629658,000000 -1,000000 -101,000000 0,000000 0,000000
154 1504083964 3146133,800000 -1,000000 -101,000000 0,000000 0,000000
154 1504083965 3146133,800000 -1,000000 -101,000000 0,000000 0,000000
154 1504083966 3146133,800000 -1,000000 -101,000000 0,000000 0,000000
154 1504083967 3146133,800000 -1,000000 -101,000000 0,000000 0,000000
154 1504083968 3146133,800000 -1,000000 -101,000000 0,000000 0,000000
154 1504083969 4809806,000000 -1,000000 -101,000000 0,000000 0,000000
154 1504083970 4809806,000000 -1,000000 -101,000000 0,000000 0,000000
154 1504083971 4809806,000000 -1,000000 -101,000000 0,000000 0,000000
154 1504083972 4809806,000000 -1,000000 -101,000000 0,000000 0,000000
154 1504083973 4809806,000000 -1,000000 -101,000000 0,000000 0,000000
154 1504083974 4327195,000000 -1,000000 -101,000000 0,000000 0,000000
154 1504083975 4327195,000000 -1,000000 -101,000000 0,000000 0,000000
154 1504083976 4327195,000000 -1,000000 -101,000000 0,000000 0,000000
154 1504083977 4327195,000000 -1,000000 -101,000000 0,000000 0,000000
154 1504083978 4327195,000000 -1,000000 -101,000000 0,000000 0,000000
154 1504083979 3858622,400000 -1,000000 -101,000000 0,000000 0,000000
154 1504083980 3858622,400000 -1,000000 -101,000000 0,000000 0,000000
154 1504083981 3858622,400000 -1,000000 -101,000000 0,000000 0,000000
154 1504083982 3858622,400000 -1,000000 -101,000000 0,000000 0,000000
154 1504083983 3858622,400000 -1,000000 -101,000000 0,000000 0,000000
154 1504083984 3516220,400000 -1,000000 -101,000000 0,000000 0,000000
154 1504083985 3516220,400000 -1,000000 -101,000000 0,000000 0,000000
154 1504083986 3516220,400000 -1,000000 -101,000000 0,000000 0,000000
154 1504083987 3516220,400000 -1,000000 -101,000000 0,000000 0,000000
154 1504083988 3516220,400000 -1,000000 -101,000000 0,000000 0,000000
154 1504083989 4640311,400000 -1,000000 -101,000000 0,000000 0,000000
154 1504083990 4640311,400000 -1,000000 -101,000000 0,000000 0,000000
154 1504083991 4640311,400000 -1,000000 -101,000000 0,000000 0,000000
154 1504083992 4640311,400000 -1,000000 -101,000000 0,000000 0,000000
154 1504083993 4640311,400000 -1,000000 -101,000000 0,000000 0,000000
154 1504083994 3955946,000000 -1,000000 -101,000000 0,000000 0,000000
154 1504083995 3955946,000000 -1,000000 -101,000000 0,000000 0,000000
154 1504083996 3955946,000000 -1,000000 -101,000000 0,000000 0,000000
154 1504083997 3955946,000000 -1,000000 -101,000000 0,000000 0,000000
154 1504083998 3955946,000000 -1,000000 -101,000000 0,000000 0,000000
154 1504083999 4194751,600000 -1,000000 -101,000000 0,000000 0,000000
154 1504084000 4194751,600000 -1,000000 -101,000000 0,000000 0,000000
154 1504084001 4194751,600000 -1,000000 -101,000000 0,000000 0,000000
154 1504084002 4194751,600000 -1,000000 -101,000000 0,000000 0,000000
154 1504084003 4194751,600000 -1,000000 -101,000000 0,000000 0,000000
154 1504084004 4190551,400000 -1,000000 -101,000000 0,000000 0,000000
154 1504084005 4190551,400000 -1,000000 -101,000000 0,000000 0,000000
154 1504084006 4190551,400000 -1,000000 -101,000000 0,000000 0,000000
154 1504084007 4190551,400000 -1,000000 -101,000000 0,000000 0,000000
154 1504084008 4190551,400000 -1,000000 -101,000000 0,000000 0,000000
154 1504084009 5337580,200000 -1,000000 -101,000000 0,000000 0,000000
154 1504084010 5337580,200000 -1,000000 -101,000000 0,000000 0,000000
154 1504084011 5337580,200000 -1,000000 -101,000000 0,000000 0,000000
154 1504084012 5337580,200000 -1,000000 -101,000000 0,000000 0,000000
154 1504084013 5337580,200000 -1,000000 -101,000000 0,000000 0,000000
154 1504084014 3901657,800000 -1,000000 -101,000000 0,000000 0,000000
154 1504084015 3901657,800000 -1,000000 -101,000000 0,000000 0,000000
154 1504084016 3901657,800000 -1,000000 -101,000000 0,000000 0,000000
154 1504084017 3901657,800000 -1,000000 -101,000000 0,000000 0,000000
154 1504084018 3901657,800000 -1,000000 -101,000000 0,000000 0,000000
154 1504084019 4131276,400000 -1,000000 -101,000000 0,000000 0,000000
154 1504084020 4131276,400000 -1,000000 -101,000000 0,000000 0,000000
154 1504084021 4131276,400000 -1,000000 -101,000000 0,000000 0,000000
154 1504084022 4131276,400000 -1,000000 -101,000000 0,000000 0,000000
154 1504084023 4131276,400000 -1,000000 -101,000000 0,000000 0,000000
154 1504084024 5115356,400000 -1,000000 -101,000000 0,000000 0,000000
154 1504084025 5115356,400000 -1,000000 -101,000000 0,000000 0,000000
154 1504084026 5115356,400000 -1,000000 -101,000000 0,000000 0,000000
154 1504084027 5115356,400000 -1,000000 -101,000000 0,000000 0,000000
154 1504084028 5115356,400000 -1,000000 -101,000000 0,000000 0,000000
154 1504084029 2384743,000000 -1,000000 -101,000000 0,000000 0,000000
154 1504084030 2384743,000000 -1,000000 -101,000000 0,000000 0,000000
154 1504084031 2384743,000000 -1,000000 -101,000000 0,000000 0,000000
154 1504084032 2384743,000000 -1,000000 -101,000000 0,000000 0,000000
154 1504084033 2384743,000000 -1,000000 -101,000000 0,000000 0,000000
154 1504084034 6038576,800000 -1,000000 -101,000000 0,000000 0,000000
154 1504084035 6038576,800000 -1,000000 -101,000000 0,000000 0,000000
154 1504084036 6038576,800000 -1,000000 -101,000000 0,000000 0,000000
154 1504084037 6038576,800000 -1,000000 -101,000000 0,000000 0,000000
154 1504084038 6038576,800000 -1,000000 -101,000000 0,000000 0,000000
154 1504084039 4267759,800000 -1,000000 -101,000000 0,000000 0,000000
154 1504084040 4267759,800000 -1,000000 -101,000000 0,000000 0,000000
154 1504084041 4267759,800000 -1,000000 -101,000000 0,000000 0,000000
154 1504084042 4267759,800000 -1,000000 -101,000000 0,000000 0,000000
154 1504084043 4267759,800000 -1,000000 -101,000000 0,000000 0,000000
154 1504084044 3977893,600000 -1,000000 -101,000000 0,000000 0,000000
154 1504084045 3977893,600000 -1,000000 -101,000000 0,000000 0,000000
154 1504084046 3977893,600000 -1,000000 -101,000000 0,000000 0,000000
154 1504084047 3977893,600000 -1,000000 -101,000000 0,000000 0,000000
154 1504084048 3977893,600000 -1,000000 -101,000000 0,000000 0,000000
154 1504084049 1905399,800000 -1,000000 -101,000000 0,000000 0,000000
154 1504084050 1905399,800000 -1,000000 -101,000000 0,000000 0,000000
154 1504084051 1905399,800000 -1,000000 -101,000000 0,000000 0,000000
154 1504084052 1905399,800000 -1,000000 -101,000000 0,000000 0,000000
154 1504084053 1905399,800000 -1,000000 -101,000000 0,000000 0,000000
154 1504084054 4615960,200000 -1,000000 -101,000000 0,000000 0,000000
154 1504084055 4615960,200000 -1,000000 -101,000000 0,000000 0,000000
154 1504084056 4615960,200000 -1,000000 -101,000000 0,000000 0,000000
154 1504084057 4615960,200000 -1,000000 -101,000000 0,000000 0,000000
154 1504084058 4615960,200000 -1,000000 -101,000000 0,000000 0,000000
154 1504084059 2674679,600000 -1,000000 -101,000000 0,000000 0,000000
154 1504084060 2674679,600000 -1,000000 -101,000000 0,000000 0,000000
154 1504084061 2674679,600000 -1,000000 -101,000000 0,000000 0,000000
154 1504084062 2674679,600000 -1,000000 -101,000000 0,000000 0,000000
154 1504084063 2674679,600000 -1,000000 -101,000000 0,000000 0,000000
154 1504084064 4102853,000000 -1,000000 -101,000000 0,000000 0,000000
154 1504084065 4102853,000000 -1,000000 -101,000000 0,000000 0,000000
154 1504084066 4102853,000000 -1,000000 -101,000000 0,000000 0,000000
154 1504084067 4102853,000000 -1,000000 -101,000000 0,000000 0,000000
154 1504084068 4102853,000000 -1,000000 -101,000000 0,000000 0,000000
154 1504084069 5246345,400000 -1,000000 -101,000000 0,000000 0,000000
154 1504084070 5246345,400000 -1,000000 -101,000000 0,000000 0,000000
154 1504084071 5246345,400000 -1,000000 -101,000000 0,000000 0,000000
154 1504084072 5246345,400000 -1,000000 -101,000000 0,000000 0,000000
154 1504084073 5246345,400000 -1,000000 -101,000000 0,000000 0,000000
154 1504084074 4314794,200000 -1,000000 -101,000000 0,000000 0,000000
154 1504084075 4314794,200000 -1,000000 -101,000000 0,000000 0,000000
154 1504084076 4314794,200000 -1,000000 -101,000000 0,000000 0,000000
154 1504084077 4314794,200000 -1,000000 -101,000000 0,000000 0,000000
154 1504084078 4314794,200000 -1,000000 -101,000000 0,000000 0,000000
154 1504084079 3876541,800000 -1,000000 -101,000000 0,000000 0,000000
154 1504084080 3876541,800000 -1,000000 -101,000000 0,000000 0,000000
154 1504084081 3876541,800000 -1,000000 -101,000000 0,000000 0,000000
154 1504084082 3876541,800000 -1,000000 -101,000000 0,000000 0,000000
154 1504084083 3876541,800000 -1,000000 -101,000000 0,000000 0,000000
154 1504084084 4264796,600000 -1,000000 -101,000000 0,000000 0,000000
154 1504084085 4264796,600000 -1,000000 -101,000000 0,000000 0,000000
154 1504084086 4264796,600000 -1,000000 -101,000000 0,000000 0,000000
154 1504084087 4264796,600000 -1,000000 -101,000000 0,000000 0,000000
154 1504084088 4264796,600000 -1,000000 -101,000000 0,000000 0,000000
154 1504084089 4864708,600000 -1,000000 -101,000000 0,000000 0,000000
154 1504084090 4864708,600000 -1,000000 -101,000000 0,000000 0,000000
154 1504084091 4864708,600000 -1,000000 -101,000000 0,000000 0,000000
154 1504084092 4864708,600000 -1,000000 -101,000000 0,000000 0,000000
154 1504084093 4864708,600000 -1,000000 -101,000000 0,000000 0,000000
154 1504084094 4465587,800000 -1,000000 -101,000000 0,000000 0,000000
154 1504084095 4465587,800000 -1,000000 -101,000000 0,000000 0,000000
154 1504084096 4465587,800000 -1,000000 -101,000000 0,000000 0,000000
154 1504084097 4465587,800000 -1,000000 -101,000000 0,000000 0,000000
154 1504084098 4465587,800000 -1,000000 -101,000000 0,000000 0,000000
154 1504084099 3788208,400000 -1,000000 -101,000000 0,000000 0,000000
154 1504084100 3788208,400000 -1,000000 -101,000000 0,000000 0,000000
154 1504084101 3788208,400000 -1,000000 -101,000000 0,000000 0,000000
154 1504084102 3788208,400000 -1,000000 -101,000000 0,000000 0,000000
154 1504084103 3788208,400000 -1,000000 -101,000000 0,000000 0,000000
154 1504084104 2813756,200000 -1,000000 -101,000000 0,000000 0,000000
154 1504084105 2813756,200000 -1,000000 -101,000000 0,000000 0,000000
154 1504084106 2813756,200000 -1,000000 -101,000000 0,000000 0,000000
154 1504084107 2813756,200000 -1,000000 -101,000000 0,000000 0,000000
154 1504084108 2813756,200000 -1,000000 -101,000000 0,000000 0,000000
154 1504084114 3772613,200000 -1,000000 -101,000000 0,000000 0,000000
154 1504084115 3772613,200000 -1,000000 -101,000000 0,000000 0,000000
154 1504084116 3772613,200000 -1,000000 -101,000000 0,000000 0,000000
154 1504084117 3772613,200000 -1,000000 -101,000000 0,000000 0,000000
154 1504084118 3772613,200000 -1,000000 -101,000000 0,000000 0,000000
154 1504084119 3107388,600000 -1,000000 -101,000000 0,000000 0,000000
154 1504084120 3107388,600000 -1,000000 -101,000000 0,000000 0,000000
154 1504084121 3107388,600000 -1,000000 -101,000000 0,000000 0,000000
154 1504084122 3107388,600000 -1,000000 -101,000000 0,000000 0,000000
154 1504084123 3107388,600000 -1,000000 -101,000000 0,000000 0,000000
154 1504084124 3884148,000000 -1,000000 -101,000000 0,000000 0,000000
154 1504084125 3884148,000000 -1,000000 -101,000000 0,000000 0,000000
154 1504084126 3884148,000000 -1,000000 -101,000000 0,000000 0,000000
154 1504084127 3884148,000000 -1,000000 -101,000000 0,000000 0,000000
154 1504084128 3884148,000000 -1,000000 -101,000000 0,000000 0,000000
154 1504084129 2821898,600000 -1,000000 -101,000000 0,000000 0,000000
154 1504084130 2821898,600000 -1,000000 -101,000000 0,000000 0,000000
154 1504084131 2821898,600000 -1,000000 -101,000000 0,000000 0,000000
154 1504084132 2821898,600000 -1,000000 -101,000000 0,000000 0,000000
154 1504084133 2821898,600000 -1,000000 -101,000000 0,000000 0,000000
154 1504084134 4770997,800000 -1,000000 -101,000000 0,000000 0,000000
154 1504084135 4770997,800000 -1,000000 -101,000000 0,000000 0,000000
154 1504084136 4770997,800000 -1,000000 -101,000000 0,000000 0,000000
154 1504084137 4770997,800000 -1,000000 -101,000000 0,000000 0,000000
154 1504084138 4770997,800000 -1,000000 -101,000000 0,000000 0,000000
154 1504084139 4282205,200000 -1,000000 -101,000000 0,000000 0,000000
154 1504084140 4282205,200000 -1,000000 -101,000000 0,000000 0,000000
154 1504084141 4282205,200000 -1,000000 -101,000000 0,000000 0,000000
154 1504084142 4282205,200000 -1,000000 -101,000000 0,000000 0,000000
154 1504084143 4282205,200000 -1,000000 -101,000000 0,000000 0,000000
154 1504084144 4367297,200000 -1,000000 -101,000000 0,000000 0,000000
154 1504084145 4367297,200000 -1,000000 -101,000000 0,000000 0,000000
154 1504084146 4367297,200000 -1,000000 -101,000000 0,000000 0,000000
154 1504084147 4367297,200000 -1,000000 -101,000000 0,000000 0,000000
154 1504084148 4367297,200000 -1,000000 -101,000000 0,000000 0,000000
154 1504084149 4072426,600000 -1,000000 -101,000000 0,000000 0,000000
154 1504084150 4072426,600000 -1,000000 -101,000000 0,000000 0,000000
154 1504084151 4072426,600000 -1,000000 -101,000000 0,000000 0,000000
154 1504084152 4072426,600000 -1,000000 -101,000000 0,000000 0,000000
154 1504084153 4072426,600000 -1,000000 -101,000000 0,000000 0,000000
154 1504084154 4596790,200000 -1,000000 -101,000000 0,000000 0,000000
154 1504084155 4596790,200000 -1,000000 -101,000000 0,000000 0,000000
154 1504084156 4596790,200000 -1,000000 -101,000000 0,000000 0,000000
154 1504084157 4596790,200000 -1,000000 -101,000000 0,000000 0,000000
154 1504084158 4596790,200000 -1,000000 -101,000000 0,000000 0,000000
154 1504084159 2710890,000000 -1,000000 -101,000000 0,000000 0,000000
154 1504084160 2710890,000000 -1,000000 -101,000000 0,000000 0,000000
154 1504084161 2710890,000000 -1,000000 -101,000000 0,000000 0,000000
154 1504084162 2710890,000000 -1,000000 -101,000000 0,000000 0,000000
154 1504084163 2710890,000000 -1,000000 -101,000000 0,000000 0,000000
154 1504084164 6395258,800000 -1,000000 -101,000000 0,000000 0,000000
154 1504084165 6395258,800000 -1,000000 -101,000000 0,000000 0,000000
154 1504084166 6395258,800000 -1,000000 -101,000000 0,000000 0,000000
154 1504084167 6395258,800000 -1,000000 -101,000000 0,000000 0,000000
154 1504084168 6395258,800000 -1,000000 -101,000000 0,000000 0,000000
154 1504084169 4229373,000000 -1,000000 -101,000000 0,000000 0,000000
154 1504084170 4229373,000000 -1,000000 -101,000000 0,000000 0,000000
154 1504084171 4229373,000000 -1,000000 -101,000000 0,000000 0,000000
154 1504084172 4229373,000000 -1,000000 -101,000000 0,000000 0,000000
154 1504084173 4229373,000000 -1,000000 -101,000000 0,000000 0,000000
154 1504084174 4910246,200000 -1,000000 -101,000000 0,000000 0,000000
154 1504084175 4910246,200000 -1,000000 -101,000000 0,000000 0,000000
154 1504084176 4910246,200000 -1,000000 -101,000000 0,000000 0,000000
154 1504084177 4910246,200000 -1,000000 -101,000000 0,000000 0,000000
154 1504084178 4910246,200000 -1,000000 -101,000000 0,000000 0,000000
154 1504084179 2868670,800000 -1,000000 -101,000000 0,000000 0,000000
154 1504084180 2868670,800000 -1,000000 -101,000000 0,000000 0,000000
154 1504084181 2868670,800000 -1,000000 -101,000000 0,000000 0,000000
154 1504084182 2868670,800000 -1,000000 -101,000000 0,000000 0,000000
154 1504084183 2868670,800000 -1,000000 -101,000000 0,000000 0,000000
154 1504084184 4270056,400000 -1,000000 -101,000000 0,000000 0,000000
154 1504084185 4270056,400000 -1,000000 -101,000000 0,000000 0,000000
154 1504084186 4270056,400000 -1,000000 -101,000000 0,000000 0,000000
154 1504084187 4270056,400000 -1,000000 -101,000000 0,000000 0,000000
154 1504084188 4270056,400000 -1,000000 -101,000000 0,000000 0,000000
154 1504084189 4735258,600000 -1,000000 -101,000000 0,000000 0,000000
154 1504084190 4735258,600000 -1,000000 -101,000000 0,000000 0,000000
154 1504084191 4735258,600000 -1,000000 -101,000000 0,000000 0,000000
154 1504084192 4735258,600000 -1,000000 -101,000000 0,000000 0,000000
154 1504084193 4735258,600000 -1,000000 -101,000000 0,000000 0,000000
154 1504084194 4832947,400000 -1,000000 -101,000000 0,000000 0,000000
154 1504084195 4832947,400000 -1,000000 -101,000000 0,000000 0,000000
154 1504084196 4832947,400000 -1,000000 -101,000000 0,000000 0,000000
154 1504084197 4832947,400000 -1,000000 -101,000000 0,000000 0,000000
154 1504084198 4832947,400000 -1,000000 -101,000000 0,000000 0,000000
154 1504084199 3769529,800000 -1,000000 -101,000000 0,000000 0,000000
154 1504084200 3769529,800000 -1,000000 -101,000000 0,000000 0,000000
154 1504084201 3769529,800000 -1,000000 -101,000000 0,000000 0,000000
154 1504084202 3769529,800000 -1,000000 -101,000000 0,000000 0,000000
154 1504084203 3769529,800000 -1,000000 -101,000000 0,000000 0,000000
154 1504084204 5476797,800000 -1,000000 -101,000000 0,000000 0,000000
154 1504084205 5476797,800000 -1,000000 -101,000000 0,000000 0,000000
154 1504084206 5476797,800000 -1,000000 -101,000000 0,000000 0,000000
154 1504084207 5476797,800000 -1,000000 -101,000000 0,000000 0,000000
154 1504084208 5476797,800000 -1,000000 -101,000000 0,000000 0,000000
154 1504084209 3636171,800000 -1,000000 -101,000000 0,000000 0,000000
154 1504084210 3636171,800000 -1,000000 -101,000000 0,000000 0,000000
154 1504084211 3636171,800000 -1,000000 -101,000000 0,000000 0,000000
154 1504084212 3636171,800000 -1,000000 -101,000000 0,000000 0,000000
154 1504084213 3636171,800000 -1,000000 -101,000000 0,000000 0,000000
154 1504084214 4209947,600000 -1,000000 -101,000000 0,000000 0,000000
154 1504084215 4209947,600000 -1,000000 -101,000000 0,000000 0,000000
154 1504084216 4209947,600000 -1,000000 -101,000000 0,000000 0,000000
154 1504084217 4209947,600000 -1,000000 -101,000000 0,000000 0,000000
154 1504084218 4209947,600000 -1,000000 -101,000000 0,000000 0,000000
154 1504084219 5730649,800000 -1,000000 -101,000000 0,000000 0,000000
154 1504084220 5730649,800000 -1,000000 -101,000000 0,000000 0,000000
154 1504084221 5730649,800000 -1,000000 -101,000000 0,000000 0,000000
154 1504084222 5730649,800000 -1,000000 -101,000000 0,000000 0,000000
154 1504084223 5730649,800000 -1,000000 -101,000000 0,000000 0,000000
154 1504084224 3916197,400000 -1,000000 -101,000000 0,000000 0,000000
154 1504084225 3916197,400000 -1,000000 -101,000000 0,000000 0,000000
154 1504084226 3916197,400000 -1,000000 -101,000000 0,000000 0,000000
154 1504084227 3916197,400000 -1,000000 -101,000000 0,000000 0,000000
154 1504084228 3916197,400000 -1,000000 -101,000000 0,000000 0,000000
154 1504084229 5393419,200000 -1,000000 -101,000000 0,000000 0,000000
154 1504084230 5393419,200000 -1,000000 -101,000000 0,000000 0,000000
154 1504084231 5393419,200000 -1,000000 -101,000000 0,000000 0,000000
154 1504084232 5393419,200000 -1,000000 -101,000000 0,000000 0,000000
154 1504084233 5393419,200000 -1,000000 -101,000000 0,000000 0,000000
154 1504084234 4593990,600000 -1,000000 -101,000000 0,000000 0,000000
154 1504084235 4593990,600000 -1,000000 -101,000000 0,000000 0,000000
154 1504084236 4593990,600000 -1,000000 -101,000000 0,000000 0,000000
154 1504084237 4593990,600000 -1,000000 -101,000000 0,000000 0,000000
154 1504084238 4593990,600000 -1,000000 -101,000000 0,000000 0,000000
154 1504084239 4076522,000000 -1,000000 -101,000000 0,000000 0,000000
154 1504084240 4076522,000000 -1,000000 -101,000000 0,000000 0,000000
154 1504084241 4076522,000000 -1,000000 -101,000000 0,000000 0,000000
154 1504084242 4076522,000000 -1,000000 -101,000000 0,000000 0,000000
154 1504084243 4076522,000000 -1,000000 -101,000000 0,000000 0,000000
154 1504084244 4821423,800000 -1,000000 -101,000000 0,000000 0,000000
154 1504084245 4821423,800000 -1,000000 -101,000000 0,000000 0,000000
154 1504084246 4821423,800000 -1,000000 -101,000000 0,000000 0,000000
154 1504084247 4821423,800000 -1,000000 -101,000000 0,000000 0,000000
154 1504084248 4821423,800000 -1,000000 -101,000000 0,000000 0,000000
154 1504084249 4824249,200000 -1,000000 -101,000000 0,000000 0,000000
154 1504084250 4824249,200000 -1,000000 -101,000000 0,000000 0,000000
154 1504084251 4824249,200000 -1,000000 -101,000000 0,000000 0,000000
154 1504084252 4824249,200000 -1,000000 -101,000000 0,000000 0,000000
154 1504084253 4824249,200000 -1,000000 -101,000000 0,000000 0,000000
154 1504084254 3063185,600000 -1,000000 -101,000000 0,000000 0,000000
154 1504084255 3063185,600000 -1,000000 -101,000000 0,000000 0,000000
154 1504084256 3063185,600000 -1,000000 -101,000000 0,000000 0,000000
154 1504084257 3063185,600000 -1,000000 -101,000000 0,000000 0,000000
154 1504084258 3063185,600000 -1,000000 -101,000000 0,000000 0,000000
154 1504084259 4375771,000000 -1,000000 -101,000000 0,000000 0,000000
154 1504084260 4375771,000000 -1,000000 -101,000000 0,000000 0,000000
154 1504084261 4375771,000000 -1,000000 -101,000000 0,000000 0,000000
154 1504084262 4375771,000000 -1,000000 -101,000000 0,000000 0,000000
154 1504084263 4375771,000000 -1,000000 -101,000000 0,000000 0,000000
154 1504084264 4729024,800000 -1,000000 -101,000000 0,000000 0,000000
154 1504084265 4729024,800000 -1,000000 -101,000000 0,000000 0,000000
154 1504084266 4729024,800000 -1,000000 -101,000000 0,000000 0,000000
154 1504084267 4729024,800000 -1,000000 -101,000000 0,000000 0,000000
154 1504084268 4729024,800000 -1,000000 -101,000000 0,000000 0,000000
154 1504084269 5077743,200000 -1,000000 -101,000000 0,000000 0,000000
154 1504084270 5077743,200000 -1,000000 -101,000000 0,000000 0,000000
154 1504084271 5077743,200000 -1,000000 -101,000000 0,000000 0,000000
154 1504084272 5077743,200000 -1,000000 -101,000000 0,000000 0,000000
154 1504084273 5077743,200000 -1,000000 -101,000000 0,000000 0,000000
154 1504084274 5050452,600000 -1,000000 -101,000000 0,000000 0,000000
154 1504084275 5050452,600000 -1,000000 -101,000000 0,000000 0,000000
154 1504084276 5050452,600000 -1,000000 -101,000000 0,000000 0,000000
154 1504084277 5050452,600000 -1,000000 -101,000000 0,000000 0,000000
154 1504084278 5050452,600000 -1,000000 -101,000000 0,000000 0,000000
154 1504084279 4597861,000000 -1,000000 -101,000000 0,000000 0,000000
154 1504084280 4597861,000000 -1,000000 -101,000000 0,000000 0,000000
154 1504084281 4597861,000000 -1,000000 -101,000000 0,000000 0,000000
154 1504084282 4597861,000000 -1,000000 -101,000000 0,000000 0,000000
154 1504084283 4597861,000000 -1,000000 -101,000000 0,000000 0,000000
154 1504084284 4787158,000000 -1,000000 -101,000000 0,000000 0,000000
154 1504084285 4787158,000000 -1,000000 -101,000000 0,000000 0,000000
154 1504084286 4787158,000000 -1,000000 -101,000000 0,000000 0,000000
154 1504084287 4787158,000000 -1,000000 -101,000000 0,000000 0,000000
154 1504084288 4787158,000000 -1,000000 -101,000000 0,000000 0,000000
154 1504084289 4333564,600000 -1,000000 -101,000000 0,000000 0,000000
154 1504084290 4333564,600000 -1,000000 -101,000000 0,000000 0,000000
154 1504084291 4333564,600000 -1,000000 -101,000000 0,000000 0,000000
154 1504084292 4333564,600000 -1,000000 -101,000000 0,000000 0,000000
154 1504084293 4333564,600000 -1,000000 -101,000000 0,000000 0,000000
154 1504084294 4293199,400000 -1,000000 -101,000000 0,000000 0,000000
154 1504084295 4293199,400000 -1,000000 -101,000000 0,000000 0,000000
154 1504084296 4293199,400000 -1,000000 -101,000000 0,000000 0,000000
154 1504084297 4293199,400000 -1,000000 -101,000000 0,000000 0,000000
154 1504084298 4293199,400000 -1,000000 -101,000000 0,000000 0,000000
154 1504084299 4501199,400000 -1,000000 -101,000000 0,000000 0,000000
154 1504084300 4501199,400000 -1,000000 -101,000000 0,000000 0,000000
154 1504084301 4501199,400000 -1,000000 -101,000000 0,000000 0,000000
154 1504084302 4501199,400000 -1,000000 -101,000000 0,000000 0,000000
154 1504084303 4501199,400000 -1,000000 -101,000000 0,000000 0,000000
154 1504084366 4165356,333333 -1,000000 4165356,333333 4165356,333333 0,000000
154 1504084365 4165356,333333 -1,000000 4165356,333333 4165356,333333 0,000000
154 1504084364 4165356,333333 -1,000000 4165356,333333 4165356,333333 0,000000
154 1504084363 1990536,600000 -1,000000 1990536,600000 1990536,600000 0,000000
154 1504084362 1990536,600000 -1,000000 1990536,600000 1990536,600000 0,000000
154 1504084361 1990536,600000 -1,000000 1990536,600000 1990536,600000 0,000000
154 1504084360 1990536,600000 -1,000000 1990536,600000 1990536,600000 0,000000
154 1504084359 1990536,600000 -1,000000 1990536,600000 1990536,600000 0,000000
154 1504084358 3197111,600000 -1,000000 3197111,600000 3197111,600000 0,000000
154 1504084357 3197111,600000 -1,000000 3197111,600000 3197111,600000 0,000000
154 1504084356 3197111,600000 -1,000000 3197111,600000 3197111,600000 0,000000
154 1504084355 3197111,600000 -1,000000 3197111,600000 3197111,600000 0,000000
154 1504084354 3197111,600000 -1,000000 3197111,600000 3197111,600000 0,000000
154 1504084353 3539574,200000 -1,000000 3539574,200000 3539574,200000 0,000000
154 1504084352 3539574,200000 -1,000000 3539574,200000 3539574,200000 0,000000
154 1504084351 3539574,200000 -1,000000 3539574,200000 3539574,200000 0,000000
154 1504084350 3539574,200000 -1,000000 3539574,200000 3539574,200000 0,000000
154 1504084349 3539574,200000 -1,000000 3539574,200000 3539574,200000 0,000000
154 1504084348 3225922,600000 -1,000000 3225922,600000 3225922,600000 0,000000
154 1504084347 3225922,600000 -1,000000 3225922,600000 3225922,600000 0,000000
154 1504084346 3225922,600000 -1,000000 3225922,600000 3225922,600000 0,000000
154 1504084345 3225922,600000 -1,000000 3225922,600000 3225922,600000 0,000000
154 1504084344 3225922,600000 -1,000000 3225922,600000 3225922,600000 0,000000
154 1504084343 5320545,600000 -1,000000 5320545,600000 5320545,600000 0,000000
154 1504084342 5320545,600000 -1,000000 5320545,600000 5320545,600000 0,000000
154 1504084341 5320545,600000 -1,000000 5320545,600000 5320545,600000 0,000000
154 1504084340 5320545,600000 -1,000000 5320545,600000 5320545,600000 0,000000
154 1504084339 5320545,600000 -1,000000 5320545,600000 5320545,600000 0,000000
154 1504084338 4348665,400000 -1,000000 4348665,400000 4348665,400000 0,000000
154 1504084337 4348665,400000 -1,000000 4348665,400000 4348665,400000 0,000000
154 1504084336 4348665,400000 -1,000000 4348665,400000 4348665,400000 0,000000
154 1504084335 4348665,400000 -1,000000 4348665,400000 4348665,400000 0,000000
154 1504084334 4348665,400000 -1,000000 4348665,400000 4348665,400000 0,000000
154 1504084333 4232751,200000 -1,000000 4232751,200000 4232751,200000 0,000000
154 1504084332 4232751,200000 -1,000000 4232751,200000 4232751,200000 0,000000
154 1504084331 4232751,200000 -1,000000 4232751,200000 4232751,200000 0,000000
154 1504084330 4232751,200000 -1,000000 4232751,200000 4232751,200000 0,000000
154 1504084329 4232751,200000 -1,000000 4232751,200000 4232751,200000 0,000000
154 1504084328 4721926,600000 -1,000000 4721926,600000 4721926,600000 0,000000
154 1504084327 4721926,600000 -1,000000 4721926,600000 4721926,600000 0,000000
154 1504084326 4721926,600000 -1,000000 4721926,600000 4721926,600000 0,000000
154 1504084325 4721926,600000 -1,000000 4721926,600000 4721926,600000 0,000000
154 1504084324 4721926,600000 -1,000000 4721926,600000 4721926,600000 0,000000
154 1504084323 5470279,800000 -1,000000 5470279,800000 5470279,800000 0,000000
154 1504084322 5470279,800000 -1,000000 5470279,800000 5470279,800000 0,000000
154 1504084321 5470279,800000 -1,000000 5470279,800000 5470279,800000 0,000000
154 1504084320 5470279,800000 -1,000000 5470279,800000 5470279,800000 0,000000
154 1504084319 5470279,800000 -1,000000 5470279,800000 5470279,800000 0,000000
154 1504084318 4341295,400000 -1,000000 4341295,400000 4341295,400000 0,000000
154 1504084317 4341295,400000 -1,000000 4341295,400000 4341295,400000 0,000000
154 1504084316 4341295,400000 -1,000000 4341295,400000 4341295,400000 0,000000
154 1504084315 4341295,400000 -1,000000 4341295,400000 4341295,400000 0,000000
154 1504084314 4341295,400000 -1,000000 4341295,400000 4341295,400000 0,000000
154 1504084313 4895354,400000 -1,000000 4895354,400000 4895354,400000 0,000000
154 1504084312 4895354,400000 -1,000000 4895354,400000 4895354,400000 0,000000
154 1504084311 4895354,400000 -1,000000 4895354,400000 4895354,400000 0,000000
154 1504084310 4895354,400000 -1,000000 4895354,400000 4895354,400000 0,000000
154 1504084309 4895354,400000 -1,000000 4895354,400000 4895354,400000 0,000000
154 1504084308 4751461,400000 -1,000000 4751461,400000 4751461,400000 0,000000
154 1504084307 4751461,400000 -1,000000 4751461,400000 4751461,400000 0,000000
154 1504084306 4751461,400000 -1,000000 4751461,400000 4751461,400000 0,000000
154 1504084305 4751461,400000 -1,000000 4751461,400000 4751461,400000 0,000000
154 1504084304 4751461,400000 -1,000000 4751461,400000 4751461,400000 0,000000
