144 1504083224 22,000000 -1,000000 -101,000000 0,000000 0,000000
144 1504083225 22,000000 -1,000000 -101,000000 0,000000 0,000000
144 1504083226 22,000000 -1,000000 -101,000000 0,000000 0,000000
144 1504083227 22,000000 -1,000000 -101,000000 0,000000 0,000000
144 1504083228 22,000000 -1,000000 -101,000000 0,000000 0,000000
144 1504083229 18,400000 -1,000000 -101,000000 0,000000 0,000000
144 1504083230 18,400000 -1,000000 -101,000000 0,000000 0,000000
144 1504083231 18,400000 -1,000000 -101,000000 0,000000 0,000000
144 1504083232 18,400000 -1,000000 -101,000000 0,000000 0,000000
144 1504083233 18,400000 -1,000000 -101,000000 0,000000 0,000000
144 1504083234 31,200000 -1,000000 -101,000000 0,000000 0,000000
144 1504083235 31,200000 -1,000000 -101,000000 0,000000 0,000000
144 1504083236 31,200000 -1,000000 -101,000000 0,000000 0,000000
144 1504083237 31,200000 -1,000000 -101,000000 0,000000 0,000000
144 1504083238 31,200000 -1,000000 -101,000000 0,000000 0,000000
144 1504083239 36,800000 -1,000000 -101,000000 0,000000 0,000000
144 1504083240 36,800000 -1,000000 -101,000000 0,000000 0,000000
144 1504083241 36,800000 -1,000000 -101,000000 0,000000 0,000000
144 1504083242 36,800000 -1,000000 -101,000000 0,000000 0,000000
144 1504083243 36,800000 -1,000000 -101,000000 0,000000 0,000000
144 1504083244 32,200000 -1,000000 -101,000000 0,000000 0,000000
144 1504083245 32,200000 -1,000000 -101,000000 0,000000 0,000000
144 1504083246 32,200000 -1,000000 -101,000000 0,000000 0,000000
144 1504083247 32,200000 -1,000000 -101,000000 0,000000 0,000000
144 1504083248 32,200000 -1,000000 -101,000000 0,000000 0,000000
144 1504083249 49,600000 -1,000000 -101,000000 0,000000 0,000000
144 1504083250 49,600000 -1,000000 -101,000000 0,000000 0,000000
144 1504083251 49,600000 -1,000000 -101,000000 0,000000 0,000000
144 1504083252 49,600000 -1,000000 -101,000000 0,000000 0,000000
144 1504083253 49,600000 -1,000000 -101,000000 0,000000 0,000000
144 1504083254 46,000000 -1,000000 -101,000000 0,000000 0,000000
144 1504083255 46,000000 -1,000000 -101,000000 0,000000 0,000000
144 1504083256 46,000000 -1,000000 -101,000000 0,000000 0,000000
144 1504083257 46,000000 -1,000000 -101,000000 0,000000 0,000000
144 1504083258 46,000000 -1,000000 -101,000000 0,000000 0,000000
144 1504083259 49,600000 -1,000000 -101,000000 0,000000 0,000000
144 1504083260 49,600000 -1,000000 -101,000000 0,000000 0,000000
144 1504083261 49,600000 -1,000000 -101,000000 0,000000 0,000000
144 1504083262 49,600000 -1,000000 -101,000000 0,000000 0,000000
144 1504083263 49,600000 -1,000000 -101,000000 0,000000 0,000000
144 1504083264 50,600000 -1,000000 -101,000000 0,000000 0,000000
144 1504083265 50,600000 -1,000000 -101,000000 0,000000 0,000000
144 1504083266 50,600000 -1,000000 -101,000000 0,000000 0,000000
144 1504083267 50,600000 -1,000000 -101,000000 0,000000 0,000000
144 1504083268 50,600000 -1,000000 -101,000000 0,000000 0,000000
144 1504083269 46,000000 -1,000000 -101,000000 0,000000 0,000000
144 1504083270 46,000000 -1,000000 -101,000000 0,000000 0,000000
144 1504083271 46,000000 -1,000000 -101,000000 0,000000 0,000000
144 1504083272 46,000000 -1,000000 -101,000000 0,000000 0,000000
144 1504083273 46,000000 -1,000000 -101,000000 0,000000 0,000000
144 1504083274 58,800000 -1,000000 -101,000000 0,000000 0,000000
144 1504083275 58,800000 -1,000000 -101,000000 0,000000 0,000000
144 1504083276 58,800000 -1,000000 -101,000000 0,000000 0,000000
144 1504083277 58,800000 -1,000000 -101,000000 0,000000 0,000000
144 1504083278 58,800000 -1,000000 -101,000000 0,000000 0,000000
144 1504083279 46,000000 -1,000000 -101,000000 0,000000 0,000000
144 1504083280 46,000000 -1,000000 -101,000000 0,000000 0,000000
144 1504083281 46,000000 -1,000000 -101,000000 0,000000 0,000000
144 1504083282 46,000000 -1,000000 -101,000000 0,000000 0,000000
144 1504083283 46,000000 -1,000000 -101,000000 0,000000 0,000000
144 1504083284 46,000000 -1,000000 -101,000000 0,000000 0,000000
144 1504083285 46,000000 -1,000000 -101,000000 0,000000 0,000000
144 1504083286 46,000000 -1,000000 -101,000000 0,000000 0,000000
144 1504083287 46,000000 -1,000000 -101,000000 0,000000 0,000000
144 1504083288 46,000000 -1,000000 -101,000000 0,000000 0,000000
144 1504083289 46,000000 -1,000000 -101,000000 0,000000 0,000000
144 1504083290 46,000000 -1,000000 -101,000000 0,000000 0,000000
144 1504083291 46,000000 -1,000000 -101,000000 0,000000 0,000000
144 1504083292 46,000000 -1,000000 -101,000000 0,000000 0,000000
144 1504083293 46,000000 -1,000000 -101,000000 0,000000 0,000000
144 1504083294 50,600000 -1,000000 -101,000000 0,000000 0,000000
144 1504083295 50,600000 -1,000000 -101,000000 0,000000 0,000000
144 1504083296 50,600000 -1,000000 -101,000000 0,000000 0,000000
144 1504083297 50,600000 -1,000000 -101,000000 0,000000 0,000000
144 1504083298 50,600000 -1,000000 -101,000000 0,000000 0,000000
144 1504083299 46,000000 -1,000000 -101,000000 0,000000 0,000000
144 1504083300 46,000000 -1,000000 -101,000000 0,000000 0,000000
144 1504083301 46,000000 -1,000000 -101,000000 0,000000 0,000000
144 1504083302 46,000000 -1,000000 -101,000000 0,000000 0,000000
144 1504083303 46,000000 -1,000000 -101,000000 0,000000 0,000000
144 1504083304 41,400000 -1,000000 -101,000000 0,000000 0,000000
144 1504083305 41,400000 -1,000000 -101,000000 0,000000 0,000000
144 1504083306 41,400000 -1,000000 -101,000000 0,000000 0,000000
144 1504083307 41,400000 -1,000000 -101,000000 0,000000 0,000000
144 1504083308 41,400000 -1,000000 -101,000000 0,000000 0,000000
144 1504083309 46,000000 -1,000000 -101,000000 0,000000 0,000000
144 1504083310 46,000000 -1,000000 -101,000000 0,000000 0,000000
144 1504083311 46,000000 -1,000000 -101,000000 0,000000 0,000000
144 1504083312 46,000000 -1,000000 -101,000000 0,000000 0,000000
144 1504083313 46,000000 -1,000000 -101,000000 0,000000 0,000000
144 1504083314 41,400000 -1,000000 -101,000000 0,000000 0,000000
144 1504083315 41,400000 -1,000000 -101,000000 0,000000 0,000000
144 1504083316 41,400000 -1,000000 -101,000000 0,000000 0,000000
144 1504083317 41,400000 -1,000000 -101,000000 0,000000 0,000000
144 1504083318 41,400000 -1,000000 -101,000000 0,000000 0,000000
144 1504083319 46,000000 -1,000000 -101,000000 0,000000 0,000000
144 1504083320 46,000000 -1,000000 -101,000000 0,000000 0,000000
144 1504083321 46,000000 -1,000000 -101,000000 0,000000 0,000000
144 1504083322 46,000000 -1,000000 -101,000000 0,000000 0,000000
144 1504083323 46,000000 -1,000000 -101,000000 0,000000 0,000000
144 1504083324 50,600000 -1,000000 -101,000000 0,000000 0,000000
144 1504083325 50,600000 -1,000000 -101,000000 0,000000 0,000000
144 1504083326 50,600000 -1,000000 -101,000000 0,000000 0,000000
144 1504083327 50,600000 -1,000000 -101,000000 0,000000 0,000000
144 1504083328 50,600000 -1,000000 -101,000000 0,000000 0,000000
144 1504083329 13,800000 -1,000000 -101,000000 0,000000 0,000000
144 1504083330 13,800000 -1,000000 -101,000000 0,000000 0,000000
144 1504083331 13,800000 -1,000000 -101,000000 0,000000 0,000000
144 1504083332 13,800000 -1,000000 -101,000000 0,000000 0,000000
144 1504083333 13,800000 -1,000000 -101,000000 0,000000 0,000000
144 1504083334 16,000000 -1,000000 -101,000000 0,000000 0,000000
144 1504083335 16,000000 -1,000000 -101,000000 0,000000 0,000000
144 1504083336 16,000000 -1,000000 -101,000000 0,000000 0,000000
144 1504083337 16,000000 -1,000000 -101,000000 0,000000 0,000000
144 1504083338 16,000000 -1,000000 -101,000000 0,000000 0,000000
144 1504083339 39,200000 -1,000000 -101,000000 0,000000 0,000000
144 1504083340 39,200000 -1,000000 -101,000000 0,000000 0,000000
144 1504083341 39,200000 -1,000000 -101,000000 0,000000 0,000000
144 1504083342 39,200000 -1,000000 -101,000000 0,000000 0,000000
144 1504083343 39,200000 -1,000000 -101,000000 0,000000 0,000000
144 1504083344 41,400000 -1,000000 -101,000000 0,000000 0,000000
144 1504083345 41,400000 -1,000000 -101,000000 0,000000 0,000000
144 1504083346 41,400000 -1,000000 -101,000000 0,000000 0,000000
144 1504083347 41,400000 -1,000000 -101,000000 0,000000 0,000000
144 1504083348 41,400000 -1,000000 -101,000000 0,000000 0,000000
144 1504083349 50,600000 -1,000000 -101,000000 0,000000 0,000000
144 1504083350 50,600000 -1,000000 -101,000000 0,000000 0,000000
144 1504083351 50,600000 -1,000000 -101,000000 0,000000 0,000000
144 1504083352 50,600000 -1,000000 -101,000000 0,000000 0,000000
144 1504083353 50,600000 -1,000000 -101,000000 0,000000 0,000000
144 1504083354 46,000000 -1,000000 -101,000000 0,000000 0,000000
144 1504083355 46,000000 -1,000000 -101,000000 0,000000 0,000000
144 1504083356 46,000000 -1,000000 -101,000000 0,000000 0,000000
144 1504083357 46,000000 -1,000000 -101,000000 0,000000 0,000000
144 1504083358 46,000000 -1,000000 -101,000000 0,000000 0,000000
144 1504083359 50,600000 -1,000000 -101,000000 0,000000 0,000000
144 1504083360 50,600000 -1,000000 -101,000000 0,000000 0,000000
144 1504083361 50,600000 -1,000000 -101,000000 0,000000 0,000000
144 1504083362 50,600000 -1,000000 -101,000000 0,000000 0,000000
144 1504083363 50,600000 -1,000000 -101,000000 0,000000 0,000000
144 1504083364 46,000000 -1,000000 -101,000000 0,000000 0,000000
144 1504083365 46,000000 -1,000000 -101,000000 0,000000 0,000000
144 1504083366 46,000000 -1,000000 -101,000000 0,000000 0,000000
144 1504083367 46,000000 -1,000000 -101,000000 0,000000 0,000000
144 1504083368 46,000000 -1,000000 -101,000000 0,000000 0,000000
144 1504083369 41,400000 -1,000000 -101,000000 0,000000 0,000000
144 1504083370 41,400000 -1,000000 -101,000000 0,000000 0,000000
144 1504083371 41,400000 -1,000000 -101,000000 0,000000 0,000000
144 1504083372 41,400000 -1,000000 -101,000000 0,000000 0,000000
144 1504083373 41,400000 -1,000000 -101,000000 0,000000 0,000000
144 1504083374 55,200000 -1,000000 -101,000000 0,000000 0,000000
144 1504083375 55,200000 -1,000000 -101,000000 0,000000 0,000000
144 1504083376 55,200000 -1,000000 -101,000000 0,000000 0,000000
144 1504083377 55,200000 -1,000000 -101,000000 0,000000 0,000000
144 1504083378 55,200000 -1,000000 -101,000000 0,000000 0,000000
144 1504083379 46,000000 -1,000000 -101,000000 0,000000 0,000000
144 1504083380 46,000000 -1,000000 -101,000000 0,000000 0,000000
144 1504083381 46,000000 -1,000000 -101,000000 0,000000 0,000000
144 1504083382 46,000000 -1,000000 -101,000000 0,000000 0,000000
144 1504083383 46,000000 -1,000000 -101,000000 0,000000 0,000000
144 1504083384 50,600000 -1,000000 -101,000000 0,000000 0,000000
144 1504083385 50,600000 -1,000000 -101,000000 0,000000 0,000000
144 1504083386 50,600000 -1,000000 -101,000000 0,000000 0,000000
144 1504083387 50,600000 -1,000000 -101,000000 0,000000 0,000000
144 1504083388 50,600000 -1,000000 -101,000000 0,000000 0,000000
144 1504083389 41,400000 -1,000000 -101,000000 0,000000 0,000000
144 1504083390 41,400000 -1,000000 -101,000000 0,000000 0,000000
149 1504083224 0,200000 -1,000000 -101,000000 0,000000 0,000000
149 1504083225 0,200000 -1,000000 -101,000000 0,000000 0,000000
149 1504083226 0,200000 -1,000000 -101,000000 0,000000 0,000000
149 1504083227 0,200000 -1,000000 -101,000000 0,000000 0,000000
149 1504083228 0,200000 -1,000000 -101,000000 0,000000 0,000000
149 1504083234 0,200000 -1,000000 -101,000000 0,000000 0,000000
149 1504083235 0,200000 -1,000000 -101,000000 0,000000 0,000000
149 1504083236 0,200000 -1,000000 -101,000000 0,000000 0,000000
149 1504083237 0,200000 -1,000000 -101,000000 0,000000 0,000000
149 1504083238 0,200000 -1,000000 -101,000000 0,000000 0,000000
149 1504083244 0,200000 -1,000000 -101,000000 0,000000 0,000000
149 1504083245 0,200000 -1,000000 -101,000000 0,000000 0,000000
149 1504083246 0,200000 -1,000000 -101,000000 0,000000 0,000000
149 1504083247 0,200000 -1,000000 -101,000000 0,000000 0,000000
149 1504083248 0,200000 -1,000000 -101,000000 0,000000 0,000000
149 1504083259 0,200000 -1,000000 -101,000000 0,000000 0,000000
149 1504083260 0,200000 -1,000000 -101,000000 0,000000 0,000000
149 1504083261 0,200000 -1,000000 -101,000000 0,000000 0,000000
149 1504083262 0,200000 -1,000000 -101,000000 0,000000 0,000000
149 1504083263 0,200000 -1,000000 -101,000000 0,000000 0,000000
149 1504083269 0,200000 -1,000000 -101,000000 0,000000 0,000000
149 1504083270 0,200000 -1,000000 -101,000000 0,000000 0,000000
149 1504083271 0,200000 -1,000000 -101,000000 0,000000 0,000000
149 1504083272 0,200000 -1,000000 -101,000000 0,000000 0,000000
149 1504083273 0,200000 -1,000000 -101,000000 0,000000 0,000000
144 1504083391 41,400000 -1,000000 -101,000000 0,000000 0,000000
144 1504083392 41,400000 -1,000000 -101,000000 0,000000 0,000000
144 1504083393 41,400000 -1,000000 -101,000000 0,000000 0,000000
144 1504083394 46,000000 -1,000000 -101,000000 0,000000 0,000000
144 1504083395 46,000000 -1,000000 -101,000000 0,000000 0,000000
144 1504083396 46,000000 -1,000000 -101,000000 0,000000 0,000000
144 1504083397 46,000000 -1,000000 -101,000000 0,000000 0,000000
144 1504083398 46,000000 -1,000000 -101,000000 0,000000 0,000000
144 1504083399 46,000000 -1,000000 -101,000000 0,000000 0,000000
144 1504083400 46,000000 -1,000000 -101,000000 0,000000 0,000000
144 1504083401 46,000000 -1,000000 -101,000000 0,000000 0,000000
144 1504083402 46,000000 -1,000000 -101,000000 0,000000 0,000000
144 1504083403 46,000000 -1,000000 -101,000000 0,000000 0,000000
144 1504083404 50,600000 -1,000000 -101,000000 0,000000 0,000000
144 1504083405 50,600000 -1,000000 -101,000000 0,000000 0,000000
144 1504083406 50,600000 -1,000000 -101,000000 0,000000 0,000000
144 1504083407 50,600000 -1,000000 -101,000000 0,000000 0,000000
144 1504083408 50,600000 -1,000000 -101,000000 0,000000 0,000000
144 1504083409 46,000000 -1,000000 -101,000000 0,000000 0,000000
144 1504083410 46,000000 -1,000000 -101,000000 0,000000 0,000000
144 1504083411 46,000000 -1,000000 -101,000000 0,000000 0,000000
144 1504083412 46,000000 -1,000000 -101,000000 0,000000 0,000000
144 1504083413 46,000000 -1,000000 -101,000000 0,000000 0,000000
144 1504083414 46,000000 -1,000000 -101,000000 0,000000 0,000000
144 1504083415 46,000000 -1,000000 -101,000000 0,000000 0,000000
144 1504083416 46,000000 -1,000000 -101,000000 0,000000 0,000000
144 1504083417 46,000000 -1,000000 -101,000000 0,000000 0,000000
144 1504083418 46,000000 -1,000000 -101,000000 0,000000 0,000000
144 1504083419 46,000000 -1,000000 -101,000000 0,000000 0,000000
144 1504083420 46,000000 -1,000000 -101,000000 0,000000 0,000000
144 1504083421 46,000000 -1,000000 -101,000000 0,000000 0,000000
144 1504083422 46,000000 -1,000000 -101,000000 0,000000 0,000000
144 1504083423 46,000000 -1,000000 -101,000000 0,000000 0,000000
144 1504083424 46,000000 -1,000000 -101,000000 0,000000 0,000000
144 1504083425 46,000000 -1,000000 -101,000000 0,000000 0,000000
144 1504083426 46,000000 -1,000000 -101,000000 0,000000 0,000000
144 1504083427 46,000000 -1,000000 -101,000000 0,000000 0,000000
144 1504083428 46,000000 -1,000000 -101,000000 0,000000 0,000000
144 1504083429 46,000000 -1,000000 -101,000000 0,000000 0,000000
144 1504083430 46,000000 -1,000000 -101,000000 0,000000 0,000000
144 1504083431 46,000000 -1,000000 -101,000000 0,000000 0,000000
144 1504083432 46,000000 -1,000000 -101,000000 0,000000 0,000000
144 1504083433 46,000000 -1,000000 -101,000000 0,000000 0,000000
144 1504083434 46,000000 -1,000000 -101,000000 0,000000 0,000000
144 1504083435 46,000000 -1,000000 -101,000000 0,000000 0,000000
144 1504083436 46,000000 -1,000000 -101,000000 0,000000 0,000000
144 1504083437 46,000000 -1,000000 -101,000000 0,000000 0,000000
144 1504083438 46,000000 -1,000000 -101,000000 0,000000 0,000000
144 1504083439 46,000000 -1,000000 -101,000000 0,000000 0,000000
144 1504083440 46,000000 -1,000000 -101,000000 0,000000 0,000000
144 1504083441 46,000000 -1,000000 -101,000000 0,000000 0,000000
144 1504083442 46,000000 -1,000000 -101,000000 0,000000 0,000000
144 1504083443 46,000000 -1,000000 -101,000000 0,000000 0,000000
144 1504083444 46,000000 -1,000000 -101,000000 0,000000 0,000000
144 1504083445 46,000000 -1,000000 -101,000000 0,000000 0,000000
144 1504083446 46,000000 -1,000000 -101,000000 0,000000 0,000000
144 1504083447 46,000000 -1,000000 -101,000000 0,000000 0,000000
144 1504083448 46,000000 -1,000000 -101,000000 0,000000 0,000000
144 1504083449 46,000000 -1,000000 -101,000000 0,000000 0,000000
144 1504083450 46,000000 -1,000000 -101,000000 0,000000 0,000000
144 1504083451 46,000000 -1,000000 -101,000000 0,000000 0,000000
144 1504083452 46,000000 -1,000000 -101,000000 0,000000 0,000000
144 1504083453 46,000000 -1,000000 -101,000000 0,000000 0,000000
144 1504083454 49,600000 -1,000000 -101,000000 0,000000 0,000000
144 1504083455 49,600000 -1,000000 -101,000000 0,000000 0,000000
144 1504083456 49,600000 -1,000000 -101,000000 0,000000 0,000000
144 1504083457 49,600000 -1,000000 -101,000000 0,000000 0,000000
144 1504083458 49,600000 -1,000000 -101,000000 0,000000 0,000000
144 1504083459 41,400000 -1,000000 -101,000000 0,000000 0,000000
144 1504083460 41,400000 -1,000000 -101,000000 0,000000 0,000000
144 1504083461 41,400000 -1,000000 -101,000000 0,000000 0,000000
144 1504083462 41,400000 -1,000000 -101,000000 0,000000 0,000000
144 1504083463 41,400000 -1,000000 -101,000000 0,000000 0,000000
144 1504083464 41,400000 -1,000000 -101,000000 0,000000 0,000000
144 1504083465 41,400000 -1,000000 -101,000000 0,000000 0,000000
144 1504083466 41,400000 -1,000000 -101,000000 0,000000 0,000000
144 1504083467 41,400000 -1,000000 -101,000000 0,000000 0,000000
144 1504083468 41,400000 -1,000000 -101,000000 0,000000 0,000000
144 1504083469 49,600000 -1,000000 -101,000000 0,000000 0,000000
144 1504083470 49,600000 -1,000000 -101,000000 0,000000 0,000000
144 1504083471 49,600000 -1,000000 -101,000000 0,000000 0,000000
144 1504083472 49,600000 -1,000000 -101,000000 0,000000 0,000000
144 1504083473 49,600000 -1,000000 -101,000000 0,000000 0,000000
144 1504083474 36,800000 -1,000000 -101,000000 0,000000 0,000000
144 1504083475 36,800000 -1,000000 -101,000000 0,000000 0,000000
144 1504083476 36,800000 -1,000000 -101,000000 0,000000 0,000000
144 1504083477 36,800000 -1,000000 -101,000000 0,000000 0,000000
144 1504083478 36,800000 -1,000000 -101,000000 0,000000 0,000000
144 1504083479 54,200000 -1,000000 -101,000000 0,000000 0,000000
144 1504083480 54,200000 -1,000000 -101,000000 0,000000 0,000000
144 1504083481 54,200000 -1,000000 -101,000000 0,000000 0,000000
144 1504083482 54,200000 -1,000000 -101,000000 0,000000 0,000000
144 1504083483 54,200000 -1,000000 -101,000000 0,000000 0,000000
144 1504083484 50,000000 -1,000000 -101,000000 0,000000 0,000000
144 1504083485 50,000000 -1,000000 -101,000000 0,000000 0,000000
144 1504083486 50,000000 -1,000000 -101,000000 0,000000 0,000000
144 1504083487 50,000000 -1,000000 -101,000000 0,000000 0,000000
144 1504083488 50,000000 -1,000000 -101,000000 0,000000 0,000000
144 1504083489 35,800000 -1,000000 -101,000000 0,000000 0,000000
144 1504083490 35,800000 -1,000000 -101,000000 0,000000 0,000000
144 1504083491 35,800000 -1,000000 -101,000000 0,000000 0,000000
144 1504083492 35,800000 -1,000000 -101,000000 0,000000 0,000000
144 1504083493 35,800000 -1,000000 -101,000000 0,000000 0,000000
144 1504083494 46,600000 -1,000000 -101,000000 0,000000 0,000000
144 1504083495 46,600000 -1,000000 -101,000000 0,000000 0,000000
144 1504083496 46,600000 -1,000000 -101,000000 0,000000 0,000000
144 1504083497 46,600000 -1,000000 -101,000000 0,000000 0,000000
144 1504083498 46,600000 -1,000000 -101,000000 0,000000 0,000000
144 1504083499 40,000000 -1,000000 -101,000000 0,000000 0,000000
144 1504083500 40,000000 -1,000000 -101,000000 0,000000 0,000000
144 1504083501 40,000000 -1,000000 -101,000000 0,000000 0,000000
144 1504083502 40,000000 -1,000000 -101,000000 0,000000 0,000000
144 1504083503 40,000000 -1,000000 -101,000000 0,000000 0,000000
144 1504083504 51,000000 -1,000000 -101,000000 0,000000 0,000000
144 1504083505 51,000000 -1,000000 -101,000000 0,000000 0,000000
144 1504083506 51,000000 -1,000000 -101,000000 0,000000 0,000000
144 1504083507 51,000000 -1,000000 -101,000000 0,000000 0,000000
144 1504083508 51,000000 -1,000000 -101,000000 0,000000 0,000000
144 1504083509 43,800000 -1,000000 -101,000000 0,000000 0,000000
144 1504083510 43,800000 -1,000000 -101,000000 0,000000 0,000000
144 1504083511 43,800000 -1,000000 -101,000000 0,000000 0,000000
144 1504083512 43,800000 -1,000000 -101,000000 0,000000 0,000000
144 1504083513 43,800000 -1,000000 -101,000000 0,000000 0,000000
144 1504083514 39,000000 -1,000000 -101,000000 0,000000 0,000000
144 1504083515 39,000000 -1,000000 -101,000000 0,000000 0,000000
144 1504083516 39,000000 -1,000000 -101,000000 0,000000 0,000000
144 1504083517 39,000000 -1,000000 -101,000000 0,000000 0,000000
144 1504083518 39,000000 -1,000000 -101,000000 0,000000 0,000000
144 1504083519 46,000000 -1,000000 -101,000000 0,000000 0,000000
144 1504083520 46,000000 -1,000000 -101,000000 0,000000 0,000000
144 1504083521 46,000000 -1,000000 -101,000000 0,000000 0,000000
144 1504083522 46,000000 -1,000000 -101,000000 0,000000 0,000000
144 1504083523 46,000000 -1,000000 -101,000000 0,000000 0,000000
144 1504083524 49,000000 -1,000000 -101,000000 0,000000 0,000000
144 1504083525 49,000000 -1,000000 -101,000000 0,000000 0,000000
144 1504083526 49,000000 -1,000000 -101,000000 0,000000 0,000000
144 1504083527 49,000000 -1,000000 -101,000000 0,000000 0,000000
144 1504083528 49,000000 -1,000000 -101,000000 0,000000 0,000000
144 1504083529 41,600000 -1,000000 -101,000000 0,000000 0,000000
144 1504083530 41,600000 -1,000000 -101,000000 0,000000 0,000000
144 1504083531 41,600000 -1,000000 -101,000000 0,000000 0,000000
144 1504083532 41,600000 -1,000000 -101,000000 0,000000 0,000000
144 1504083533 41,600000 -1,000000 -101,000000 0,000000 0,000000
144 1504083534 42,800000 -1,000000 -101,000000 0,000000 0,000000
144 1504083535 42,800000 -1,000000 -101,000000 0,000000 0,000000
144 1504083536 42,800000 -1,000000 -101,000000 0,000000 0,000000
144 1504083537 42,800000 -1,000000 -101,000000 0,000000 0,000000
144 1504083538 42,800000 -1,000000 -101,000000 0,000000 0,000000
144 1504083539 41,400000 -1,000000 -101,000000 0,000000 0,000000
144 1504083540 41,400000 -1,000000 -101,000000 0,000000 0,000000
144 1504083541 41,400000 -1,000000 -101,000000 0,000000 0,000000
144 1504083542 41,400000 -1,000000 -101,000000 0,000000 0,000000
144 1504083543 41,400000 -1,000000 -101,000000 0,000000 0,000000
144 1504083544 45,600000 -1,000000 -101,000000 0,000000 0,000000
144 1504083545 45,600000 -1,000000 -101,000000 0,000000 0,000000
144 1504083546 45,600000 -1,000000 -101,000000 0,000000 0,000000
144 1504083547 45,600000 -1,000000 -101,000000 0,000000 0,000000
144 1504083548 45,600000 -1,000000 -101,000000 0,000000 0,000000
144 1504083549 45,800000 -1,000000 -101,000000 0,000000 0,000000
144 1504083550 45,800000 -1,000000 -101,000000 0,000000 0,000000
144 1504083551 45,800000 -1,000000 -101,000000 0,000000 0,000000
144 1504083552 45,800000 -1,000000 -101,000000 0,000000 0,000000
144 1504083553 45,800000 -1,000000 -101,000000 0,000000 0,000000
144 1504083554 45,600000 -1,000000 -101,000000 0,000000 0,000000
144 1504083555 45,600000 -1,000000 -101,000000 0,000000 0,000000
144 1504083556 45,600000 -1,000000 -101,000000 0,000000 0,000000
144 1504083557 45,600000 -1,000000 -101,000000 0,000000 0,000000
144 1504083558 45,600000 -1,000000 -101,000000 0,000000 0,000000
144 1504083559 44,200000 -1,000000 -101,000000 0,000000 0,000000
144 1504083560 44,200000 -1,000000 -101,000000 0,000000 0,000000
144 1504083561 44,200000 -1,000000 -101,000000 0,000000 0,000000
144 1504083562 44,200000 -1,000000 -101,000000 0,000000 0,000000
144 1504083563 44,200000 -1,000000 -101,000000 0,000000 0,000000
144 1504083564 28,600000 -1,000000 -101,000000 0,000000 0,000000
144 1504083565 28,600000 -1,000000 -101,000000 0,000000 0,000000
144 1504083566 28,600000 -1,000000 -101,000000 0,000000 0,000000
144 1504083567 28,600000 -1,000000 -101,000000 0,000000 0,000000
144 1504083568 28,600000 -1,000000 -101,000000 0,000000 0,000000
144 1504083569 20,600000 -1,000000 -101,000000 0,000000 0,000000
144 1504083570 20,600000 -1,000000 -101,000000 0,000000 0,000000
144 1504083571 20,600000 -1,000000 -101,000000 0,000000 0,000000
144 1504083572 20,600000 -1,000000 -101,000000 0,000000 0,000000
144 1504083573 20,600000 -1,000000 -101,000000 0,000000 0,000000
144 1504083574 31,400000 -1,000000 -101,000000 0,000000 0,000000
144 1504083575 31,400000 -1,000000 -101,000000 0,000000 0,000000
144 1504083576 31,400000 -1,000000 -101,000000 0,000000 0,000000
144 1504083577 31,400000 -1,000000 -101,000000 0,000000 0,000000
144 1504083578 31,400000 -1,000000 -101,000000 0,000000 0,000000
144 1504083579 36,200000 -1,000000 -101,000000 0,000000 0,000000
144 1504083580 36,200000 -1,000000 -101,000000 0,000000 0,000000
144 1504083581 36,200000 -1,000000 -101,000000 0,000000 0,000000
144 1504083582 36,200000 -1,000000 -101,000000 0,000000 0,000000
144 1504083583 36,200000 -1,000000 -101,000000 0,000000 0,000000
144 1504083584 42,400000 -1,000000 -101,000000 0,000000 0,000000
144 1504083585 42,400000 -1,000000 -101,000000 0,000000 0,000000
144 1504083586 42,400000 -1,000000 -101,000000 0,000000 0,000000
144 1504083587 42,400000 -1,000000 -101,000000 0,000000 0,000000
144 1504083588 42,400000 -1,000000 -101,000000 0,000000 0,000000
144 1504083589 50,600000 -1,000000 -101,000000 0,000000 0,000000
144 1504083590 50,600000 -1,000000 -101,000000 0,000000 0,000000
144 1504083591 50,600000 -1,000000 -101,000000 0,000000 0,000000
144 1504083592 50,600000 -1,000000 -101,000000 0,000000 0,000000
144 1504083593 50,600000 -1,000000 -101,000000 0,000000 0,000000
144 1504083594 41,400000 -1,000000 -101,000000 0,000000 0,000000
144 1504083595 41,400000 -1,000000 -101,000000 0,000000 0,000000
144 1504083596 41,400000 -1,000000 -101,000000 0,000000 0,000000
144 1504083597 41,400000 -1,000000 -101,000000 0,000000 0,000000
144 1504083598 41,400000 -1,000000 -101,000000 0,000000 0,000000
144 1504083599 50,600000 -1,000000 -101,000000 0,000000 0,000000
144 1504083600 50,600000 -1,000000 -101,000000 0,000000 0,000000
144 1504083601 50,600000 -1,000000 -101,000000 0,000000 0,000000
144 1504083602 50,600000 -1,000000 -101,000000 0,000000 0,000000
144 1504083603 50,600000 -1,000000 -101,000000 0,000000 0,000000
144 1504083604 38,800000 -1,000000 -101,000000 0,000000 0,000000
144 1504083605 38,800000 -1,000000 -101,000000 0,000000 0,000000
144 1504083606 38,800000 -1,000000 -101,000000 0,000000 0,000000
144 1504083607 38,800000 -1,000000 -101,000000 0,000000 0,000000
144 1504083608 38,800000 -1,000000 -101,000000 0,000000 0,000000
144 1504083609 48,600000 -1,000000 -101,000000 0,000000 0,000000
144 1504083610 48,600000 -1,000000 -101,000000 0,000000 0,000000
144 1504083611 48,600000 -1,000000 -101,000000 0,000000 0,000000
144 1504083612 48,600000 -1,000000 -101,000000 0,000000 0,000000
144 1504083613 48,600000 -1,000000 -101,000000 0,000000 0,000000
144 1504083614 35,600000 -1,000000 -101,000000 0,000000 0,000000
144 1504083615 35,600000 -1,000000 -101,000000 0,000000 0,000000
144 1504083616 35,600000 -1,000000 -101,000000 0,000000 0,000000
144 1504083617 35,600000 -1,000000 -101,000000 0,000000 0,000000
144 1504083618 35,600000 -1,000000 -101,000000 0,000000 0,000000
144 1504083619 44,600000 -1,000000 -101,000000 0,000000 0,000000
144 1504083620 44,600000 -1,000000 -101,000000 0,000000 0,000000
144 1504083621 44,600000 -1,000000 -101,000000 0,000000 0,000000
144 1504083622 44,600000 -1,000000 -101,000000 0,000000 0,000000
149 1504083449 0,200000 -1,000000 -101,000000 0,000000 0,000000
149 1504083450 0,200000 -1,000000 -101,000000 0,000000 0,000000
149 1504083451 0,200000 -1,000000 -101,000000 0,000000 0,000000
149 1504083452 0,200000 -1,000000 -101,000000 0,000000 0,000000
149 1504083453 0,200000 -1,000000 -101,000000 0,000000 0,000000
149 1504083464 0,200000 -1,000000 -101,000000 0,000000 0,000000
149 1504083465 0,200000 -1,000000 -101,000000 0,000000 0,000000
149 1504083466 0,200000 -1,000000 -101,000000 0,000000 0,000000
149 1504083467 0,200000 -1,000000 -101,000000 0,000000 0,000000
149 1504083468 0,200000 -1,000000 -101,000000 0,000000 0,000000
149 1504083474 0,200000 -1,000000 -101,000000 0,000000 0,000000
149 1504083475 0,200000 -1,000000 -101,000000 0,000000 0,000000
149 1504083476 0,200000 -1,000000 -101,000000 0,000000 0,000000
149 1504083477 0,200000 -1,000000 -101,000000 0,000000 0,000000
149 1504083478 0,200000 -1,000000 -101,000000 0,000000 0,000000
149 1504083484 0,200000 -1,000000 -101,000000 0,000000 0,000000
149 1504083485 0,200000 -1,000000 -101,000000 0,000000 0,000000
149 1504083486 0,200000 -1,000000 -101,000000 0,000000 0,000000
149 1504083487 0,200000 -1,000000 -101,000000 0,000000 0,000000
149 1504083488 0,200000 -1,000000 -101,000000 0,000000 0,000000
149 1504083499 0,200000 -1,000000 -101,000000 0,000000 0,000000
149 1504083500 0,200000 -1,000000 -101,000000 0,000000 0,000000
149 1504083501 0,200000 -1,000000 -101,000000 0,000000 0,000000
149 1504083502 0,200000 -1,000000 -101,000000 0,000000 0,000000
149 1504083503 0,200000 -1,000000 -101,000000 0,000000 0,000000
144 1504083623 44,600000 -1,000000 -101,000000 0,000000 0,000000
144 1504083624 41,800000 -1,000000 -101,000000 0,000000 0,000000
144 1504083625 41,800000 -1,000000 -101,000000 0,000000 0,000000
144 1504083626 41,800000 -1,000000 -101,000000 0,000000 0,000000
144 1504083627 41,800000 -1,000000 -101,000000 0,000000 0,000000
144 1504083628 41,800000 -1,000000 -101,000000 0,000000 0,000000
144 1504083629 43,600000 -1,000000 -101,000000 0,000000 0,000000
144 1504083630 43,600000 -1,000000 -101,000000 0,000000 0,000000
144 1504083631 43,600000 -1,000000 -101,000000 0,000000 0,000000
144 1504083632 43,600000 -1,000000 -101,000000 0,000000 0,000000
144 1504083633 43,600000 -1,000000 -101,000000 0,000000 0,000000
144 1504083634 41,400000 -1,000000 -101,000000 0,000000 0,000000
144 1504083635 41,400000 -1,000000 -101,000000 0,000000 0,000000
144 1504083636 41,400000 -1,000000 -101,000000 0,000000 0,000000
144 1504083637 41,400000 -1,000000 -101,000000 0,000000 0,000000
144 1504083638 41,400000 -1,000000 -101,000000 0,000000 0,000000
144 1504083639 41,400000 -1,000000 -101,000000 0,000000 0,000000
144 1504083640 41,400000 -1,000000 -101,000000 0,000000 0,000000
144 1504083641 41,400000 -1,000000 -101,000000 0,000000 0,000000
144 1504083642 41,400000 -1,000000 -101,000000 0,000000 0,000000
144 1504083643 41,400000 -1,000000 -101,000000 0,000000 0,000000
144 1504083644 39,600000 -1,000000 -101,000000 0,000000 0,000000
144 1504083645 39,600000 -1,000000 -101,000000 0,000000 0,000000
144 1504083646 39,600000 -1,000000 -101,000000 0,000000 0,000000
144 1504083647 39,600000 -1,000000 -101,000000 0,000000 0,000000
144 1504083648 39,600000 -1,000000 -101,000000 0,000000 0,000000
144 1504083649 43,200000 -1,000000 -101,000000 0,000000 0,000000
144 1504083650 43,200000 -1,000000 -101,000000 0,000000 0,000000
144 1504083651 43,200000 -1,000000 -101,000000 0,000000 0,000000
144 1504083652 43,200000 -1,000000 -101,000000 0,000000 0,000000
144 1504083653 43,200000 -1,000000 -101,000000 0,000000 0,000000
144 1504083654 47,800000 -1,000000 -101,000000 0,000000 0,000000
144 1504083655 47,800000 -1,000000 -101,000000 0,000000 0,000000
144 1504083656 47,800000 -1,000000 -101,000000 0,000000 0,000000
144 1504083657 47,800000 -1,000000 -101,000000 0,000000 0,000000
144 1504083658 47,800000 -1,000000 -101,000000 0,000000 0,000000
144 1504083659 44,200000 -1,000000 -101,000000 0,000000 0,000000
144 1504083660 44,200000 -1,000000 -101,000000 0,000000 0,000000
144 1504083661 44,200000 -1,000000 -101,000000 0,000000 0,000000
144 1504083662 44,200000 -1,000000 -101,000000 0,000000 0,000000
144 1504083663 44,200000 -1,000000 -101,000000 0,000000 0,000000
144 1504083664 41,600000 -1,000000 -101,000000 0,000000 0,000000
144 1504083665 41,600000 -1,000000 -101,000000 0,000000 0,000000
144 1504083666 41,600000 -1,000000 -101,000000 0,000000 0,000000
144 1504083667 41,600000 -1,000000 -101,000000 0,000000 0,000000
144 1504083668 41,600000 -1,000000 -101,000000 0,000000 0,000000
144 1504083669 35,200000 -1,000000 -101,000000 0,000000 0,000000
144 1504083670 35,200000 -1,000000 -101,000000 0,000000 0,000000
144 1504083671 35,200000 -1,000000 -101,000000 0,000000 0,000000
144 1504083672 35,200000 -1,000000 -101,000000 0,000000 0,000000
144 1504083673 35,200000 -1,000000 -101,000000 0,000000 0,000000
144 1504083674 38,200000 -1,000000 -101,000000 0,000000 0,000000
144 1504083675 38,200000 -1,000000 -101,000000 0,000000 0,000000
144 1504083676 38,200000 -1,000000 -101,000000 0,000000 0,000000
144 1504083677 38,200000 -1,000000 -101,000000 0,000000 0,000000
144 1504083678 38,200000 -1,000000 -101,000000 0,000000 0,000000
144 1504083679 41,000000 -1,000000 -101,000000 0,000000 0,000000
144 1504083680 41,000000 -1,000000 -101,000000 0,000000 0,000000
144 1504083681 41,000000 -1,000000 -101,000000 0,000000 0,000000
144 1504083682 41,000000 -1,000000 -101,000000 0,000000 0,000000
144 1504083683 41,000000 -1,000000 -101,000000 0,000000 0,000000
144 1504083684 45,000000 -1,000000 -101,000000 0,000000 0,000000
144 1504083685 45,000000 -1,000000 -101,000000 0,000000 0,000000
144 1504083686 45,000000 -1,000000 -101,000000 0,000000 0,000000
144 1504083687 45,000000 -1,000000 -101,000000 0,000000 0,000000
144 1504083688 45,000000 -1,000000 -101,000000 0,000000 0,000000
144 1504083689 35,400000 -1,000000 -101,000000 0,000000 0,000000
144 1504083690 35,400000 -1,000000 -101,000000 0,000000 0,000000
144 1504083691 35,400000 -1,000000 -101,000000 0,000000 0,000000
144 1504083692 35,400000 -1,000000 -101,000000 0,000000 0,000000
144 1504083693 35,400000 -1,000000 -101,000000 0,000000 0,000000
144 1504083694 3,000000 -1,000000 -101,000000 0,000000 0,000000
144 1504083695 3,000000 -1,000000 -101,000000 0,000000 0,000000
144 1504083696 3,000000 -1,000000 -101,000000 0,000000 0,000000
144 1504083697 3,000000 -1,000000 -101,000000 0,000000 0,000000
144 1504083698 3,000000 -1,000000 -101,000000 0,000000 0,000000
144 1504083699 31,200000 -1,000000 -101,000000 0,000000 0,000000
144 1504083700 31,200000 -1,000000 -101,000000 0,000000 0,000000
144 1504083701 31,200000 -1,000000 -101,000000 0,000000 0,000000
144 1504083702 31,200000 -1,000000 -101,000000 0,000000 0,000000
144 1504083703 31,200000 -1,000000 -101,000000 0,000000 0,000000
144 1504083704 43,600000 -1,000000 -101,000000 0,000000 0,000000
144 1504083705 43,600000 -1,000000 -101,000000 0,000000 0,000000
144 1504083706 43,600000 -1,000000 -101,000000 0,000000 0,000000
144 1504083707 43,600000 -1,000000 -101,000000 0,000000 0,000000
144 1504083708 43,600000 -1,000000 -101,000000 0,000000 0,000000
144 1504083709 45,600000 -1,000000 -101,000000 0,000000 0,000000
144 1504083710 45,600000 -1,000000 -101,000000 0,000000 0,000000
144 1504083711 45,600000 -1,000000 -101,000000 0,000000 0,000000
144 1504083712 45,600000 -1,000000 -101,000000 0,000000 0,000000
144 1504083713 45,600000 -1,000000 -101,000000 0,000000 0,000000
144 1504083714 42,400000 -1,000000 -101,000000 0,000000 0,000000
144 1504083715 42,400000 -1,000000 -101,000000 0,000000 0,000000
144 1504083716 42,400000 -1,000000 -101,000000 0,000000 0,000000
144 1504083717 42,400000 -1,000000 -101,000000 0,000000 0,000000
144 1504083718 42,400000 -1,000000 -101,000000 0,000000 0,000000
144 1504083719 42,400000 -1,000000 -101,000000 0,000000 0,000000
144 1504083720 42,400000 -1,000000 -101,000000 0,000000 0,000000
144 1504083721 42,400000 -1,000000 -101,000000 0,000000 0,000000
144 1504083722 42,400000 -1,000000 -101,000000 0,000000 0,000000
144 1504083723 42,400000 -1,000000 -101,000000 0,000000 0,000000
144 1504083724 38,400000 -1,000000 -101,000000 0,000000 0,000000
144 1504083725 38,400000 -1,000000 -101,000000 0,000000 0,000000
144 1504083726 38,400000 -1,000000 -101,000000 0,000000 0,000000
144 1504083727 38,400000 -1,000000 -101,000000 0,000000 0,000000
144 1504083728 38,400000 -1,000000 -101,000000 0,000000 0,000000
144 1504083729 51,600000 -1,000000 -101,000000 0,000000 0,000000
144 1504083730 51,600000 -1,000000 -101,000000 0,000000 0,000000
144 1504083731 51,600000 -1,000000 -101,000000 0,000000 0,000000
144 1504083732 51,600000 -1,000000 -101,000000 0,000000 0,000000
144 1504083733 51,600000 -1,000000 -101,000000 0,000000 0,000000
144 1504083734 36,800000 -1,000000 -101,000000 0,000000 0,000000
144 1504083735 36,800000 -1,000000 -101,000000 0,000000 0,000000
144 1504083736 36,800000 -1,000000 -101,000000 0,000000 0,000000
144 1504083737 36,800000 -1,000000 -101,000000 0,000000 0,000000
144 1504083738 36,800000 -1,000000 -101,000000 0,000000 0,000000
144 1504083739 45,400000 -1,000000 -101,000000 0,000000 0,000000
144 1504083740 45,400000 -1,000000 -101,000000 0,000000 0,000000
144 1504083741 45,400000 -1,000000 -101,000000 0,000000 0,000000
144 1504083742 45,400000 -1,000000 -101,000000 0,000000 0,000000
144 1504083743 45,400000 -1,000000 -101,000000 0,000000 0,000000
144 1504083744 33,200000 -1,000000 -101,000000 0,000000 0,000000
144 1504083745 33,200000 -1,000000 -101,000000 0,000000 0,000000
144 1504083746 33,200000 -1,000000 -101,000000 0,000000 0,000000
144 1504083747 33,200000 -1,000000 -101,000000 0,000000 0,000000
144 1504083748 33,200000 -1,000000 -101,000000 0,000000 0,000000
144 1504083749 46,000000 -1,000000 -101,000000 0,000000 0,000000
144 1504083750 46,000000 -1,000000 -101,000000 0,000000 0,000000
144 1504083751 46,000000 -1,000000 -101,000000 0,000000 0,000000
144 1504083752 46,000000 -1,000000 -101,000000 0,000000 0,000000
144 1504083753 46,000000 -1,000000 -101,000000 0,000000 0,000000
144 1504083754 43,600000 -1,000000 -101,000000 0,000000 0,000000
144 1504083755 43,600000 -1,000000 -101,000000 0,000000 0,000000
144 1504083756 43,600000 -1,000000 -101,000000 0,000000 0,000000
144 1504083757 43,600000 -1,000000 -101,000000 0,000000 0,000000
144 1504083758 43,600000 -1,000000 -101,000000 0,000000 0,000000
144 1504083818 38,800000 -1,000000 38,800000 38,800000 0,000000
144 1504083817 38,800000 -1,000000 38,800000 38,800000 0,000000
144 1504083816 38,800000 -1,000000 38,800000 38,800000 0,000000
144 1504083815 38,800000 -1,000000 38,800000 38,800000 0,000000
144 1504083814 38,800000 -1,000000 38,800000 38,800000 0,000000
144 1504083813 41,600000 -1,000000 41,600000 41,600000 0,000000
144 1504083812 41,600000 -1,000000 41,600000 41,600000 0,000000
144 1504083811 41,600000 -1,000000 41,600000 41,600000 0,000000
144 1504083810 41,600000 -1,000000 41,600000 41,600000 0,000000
144 1504083809 41,600000 -1,000000 41,600000 41,600000 0,000000
144 1504083808 44,000000 -1,000000 44,000000 44,000000 0,000000
144 1504083807 44,000000 -1,000000 44,000000 44,000000 0,000000
144 1504083806 44,000000 -1,000000 44,000000 44,000000 0,000000
144 1504083805 44,000000 -1,000000 44,000000 44,000000 0,000000
144 1504083804 44,000000 -1,000000 44,000000 44,000000 0,000000
144 1504083803 35,000000 -1,000000 35,000000 35,000000 0,000000
144 1504083802 35,000000 -1,000000 35,000000 35,000000 0,000000
144 1504083801 35,000000 -1,000000 35,000000 35,000000 0,000000
144 1504083800 35,000000 -1,000000 35,000000 35,000000 0,000000
144 1504083799 35,000000 -1,000000 35,000000 35,000000 0,000000
144 1504083798 44,600000 -1,000000 44,600000 44,600000 0,000000
144 1504083797 44,600000 -1,000000 44,600000 44,600000 0,000000
144 1504083796 44,600000 -1,000000 44,600000 44,600000 0,000000
144 1504083795 44,600000 -1,000000 44,600000 44,600000 0,000000
144 1504083794 44,600000 -1,000000 44,600000 44,600000 0,000000
144 1504083793 47,200000 -1,000000 47,200000 47,200000 0,000000
144 1504083792 47,200000 -1,000000 47,200000 47,200000 0,000000
144 1504083791 47,200000 -1,000000 47,200000 47,200000 0,000000
144 1504083790 47,200000 -1,000000 47,200000 47,200000 0,000000
144 1504083789 47,200000 -1,000000 47,200000 47,200000 0,000000
144 1504083788 22,400000 -1,000000 22,400000 22,400000 0,000000
144 1504083787 22,400000 -1,000000 22,400000 22,400000 0,000000
144 1504083786 22,400000 -1,000000 22,400000 22,400000 0,000000
144 1504083785 22,400000 -1,000000 22,400000 22,400000 0,000000
144 1504083784 22,400000 -1,000000 22,400000 22,400000 0,000000
144 1504083783 41,000000 -1,000000 41,000000 41,000000 0,000000
144 1504083782 41,000000 -1,000000 41,000000 41,000000 0,000000
144 1504083781 41,000000 -1,000000 41,000000 41,000000 0,000000
144 1504083780 41,000000 -1,000000 41,000000 41,000000 0,000000
144 1504083779 41,000000 -1,000000 41,000000 41,000000 0,000000
144 1504083778 46,200000 -1,000000 46,200000 46,200000 0,000000
144 1504083777 46,200000 -1,000000 46,200000 46,200000 0,000000
144 1504083776 46,200000 -1,000000 46,200000 46,200000 0,000000
144 1504083775 46,200000 -1,000000 46,200000 46,200000 0,000000
144 1504083774 46,200000 -1,000000 46,200000 46,200000 0,000000
144 1504083773 40,600000 -1,000000 40,600000 40,600000 0,000000
144 1504083772 40,600000 -1,000000 40,600000 40,600000 0,000000
144 1504083771 40,600000 -1,000000 40,600000 40,600000 0,000000
144 1504083770 40,600000 -1,000000 40,600000 40,600000 0,000000
144 1504083769 40,600000 -1,000000 40,600000 40,600000 0,000000
144 1504083768 40,000000 -1,000000 40,000000 40,000000 0,000000
144 1504083767 40,000000 -1,000000 40,000000 40,000000 0,000000
144 1504083766 40,000000 -1,000000 40,000000 40,000000 0,000000
144 1504083765 40,000000 -1,000000 40,000000 40,000000 0,000000
144 1504083764 40,000000 -1,000000 40,000000 40,000000 0,000000
144 1504083763 34,000000 -1,000000 34,000000 34,000000 0,000000
144 1504083762 34,000000 -1,000000 34,000000 34,000000 0,000000
144 1504083761 34,000000 -1,000000 34,000000 34,000000 0,000000
144 1504083760 34,000000 -1,000000 34,000000 34,000000 0,000000
144 1504083759 34,000000 -1,000000 34,000000 34,000000 0,000000
149 1504083733 0,200000 -1,000000 0,200000 0,200000 0,000000
149 1504083732 0,200000 -1,000000 0,200000 0,200000 0,000000
149 1504083731 0,200000 -1,000000 0,200000 0,200000 0,000000
149 1504083730 0,200000 -1,000000 0,200000 0,200000 0,000000
149 1504083729 0,200000 -1,000000 0,200000 0,200000 0,000000
149 1504083718 0,200000 -1,000000 0,200000 0,200000 0,000000
149 1504083717 0,200000 -1,000000 0,200000 0,200000 0,000000
149 1504083716 0,200000 -1,000000 0,200000 0,200000 0,000000
149 1504083715 0,200000 -1,000000 0,200000 0,200000 0,000000
149 1504083714 0,200000 -1,000000 0,200000 0,200000 0,000000
149 1504083708 0,200000 -1,000000 0,200000 0,200000 0,000000
149 1504083707 0,200000 -1,000000 0,200000 0,200000 0,000000
149 1504083706 0,200000 -1,000000 0,200000 0,200000 0,000000
149 1504083705 0,200000 -1,000000 0,200000 0,200000 0,000000
149 1504083704 0,200000 -1,000000 0,200000 0,200000 0,000000
149 1504083693 0,200000 -1,000000 0,200000 0,200000 0,000000
149 1504083692 0,200000 -1,000000 0,200000 0,200000 0,000000
149 1504083691 0,200000 -1,000000 0,200000 0,200000 0,000000
149 1504083690 0,200000 -1,000000 0,200000 0,200000 0,000000
149 1504083689 0,200000 -1,000000 0,200000 0,200000 0,000000
149 1504083683 0,200000 -1,000000 0,200000 0,200000 0,000000
149 1504083682 0,200000 -1,000000 0,200000 0,200000 0,000000
149 1504083681 0,200000 -1,000000 0,200000 0,200000 0,000000
149 1504083680 0,200000 -1,000000 0,200000 0,200000 0,000000
149 1504083679 0,200000 -1,000000 0,200000 0,200000 0,000000
144 1504083759 34,000000 -1,000000 -101,000000 0,000000 0,000000
144 1504083760 34,000000 -1,000000 -101,000000 0,000000 0,000000
144 1504083761 34,000000 -1,000000 -101,000000 0,000000 0,000000
144 1504083762 34,000000 -1,000000 -101,000000 0,000000 0,000000
144 1504083763 34,000000 -1,000000 -101,000000 0,000000 0,000000
144 1504083764 40,000000 -1,000000 -101,000000 0,000000 0,000000
144 1504083765 40,000000 -1,000000 -101,000000 0,000000 0,000000
144 1504083766 40,000000 -1,000000 -101,000000 0,000000 0,000000
144 1504083767 40,000000 -1,000000 -101,000000 0,000000 0,000000
144 1504083768 40,000000 -1,000000 -101,000000 0,000000 0,000000
144 1504083769 40,600000 -1,000000 -101,000000 0,000000 0,000000
144 1504083770 40,600000 -1,000000 -101,000000 0,000000 0,000000
144 1504083771 40,600000 -1,000000 -101,000000 0,000000 0,000000
144 1504083772 40,600000 -1,000000 -101,000000 0,000000 0,000000
144 1504083773 40,600000 -1,000000 -101,000000 0,000000 0,000000
144 1504083774 46,200000 -1,000000 -101,000000 0,000000 0,000000
144 1504083775 46,200000 -1,000000 -101,000000 0,000000 0,000000
144 1504083776 46,200000 -1,000000 -101,000000 0,000000 0,000000
144 1504083777 46,200000 -1,000000 -101,000000 0,000000 0,000000
144 1504083778 46,200000 -1,000000 -101,000000 0,000000 0,000000
144 1504083779 41,000000 -1,000000 -101,000000 0,000000 0,000000
144 1504083780 41,000000 -1,000000 -101,000000 0,000000 0,000000
144 1504083781 41,000000 -1,000000 -101,000000 0,000000 0,000000
144 1504083782 41,000000 -1,000000 -101,000000 0,000000 0,000000
144 1504083783 41,000000 -1,000000 -101,000000 0,000000 0,000000
144 1504083784 22,400000 -1,000000 -101,000000 0,000000 0,000000
144 1504083785 22,400000 -1,000000 -101,000000 0,000000 0,000000
144 1504083786 22,400000 -1,000000 -101,000000 0,000000 0,000000
144 1504083787 22,400000 -1,000000 -101,000000 0,000000 0,000000
144 1504083788 22,400000 -1,000000 -101,000000 0,000000 0,000000
144 1504083789 47,200000 -1,000000 -101,000000 0,000000 0,000000
144 1504083790 47,200000 -1,000000 -101,000000 0,000000 0,000000
144 1504083791 47,200000 -1,000000 -101,000000 0,000000 0,000000
144 1504083792 47,200000 -1,000000 -101,000000 0,000000 0,000000
144 1504083793 47,200000 -1,000000 -101,000000 0,000000 0,000000
144 1504083794 44,600000 -1,000000 -101,000000 0,000000 0,000000
144 1504083795 44,600000 -1,000000 -101,000000 0,000000 0,000000
144 1504083796 44,600000 -1,000000 -101,000000 0,000000 0,000000
144 1504083797 44,600000 -1,000000 -101,000000 0,000000 0,000000
144 1504083798 44,600000 -1,000000 -101,000000 0,000000 0,000000
144 1504083799 35,000000 -1,000000 -101,000000 0,000000 0,000000
144 1504083800 35,000000 -1,000000 -101,000000 0,000000 0,000000
144 1504083801 35,000000 -1,000000 -101,000000 0,000000 0,000000
144 1504083802 35,000000 -1,000000 -101,000000 0,000000 0,000000
144 1504083803 35,000000 -1,000000 -101,000000 0,000000 0,000000
144 1504083804 44,000000 -1,000000 -101,000000 0,000000 0,000000
144 1504083805 44,000000 -1,000000 -101,000000 0,000000 0,000000
144 1504083806 44,000000 -1,000000 -101,000000 0,000000 0,000000
144 1504083807 44,000000 -1,000000 -101,000000 0,000000 0,000000
144 1504083808 44,000000 -1,000000 -101,000000 0,000000 0,000000
144 1504083809 41,600000 -1,000000 -101,000000 0,000000 0,000000
144 1504083810 41,600000 -1,000000 -101,000000 0,000000 0,000000
144 1504083811 41,600000 -1,000000 -101,000000 0,000000 0,000000
144 1504083812 41,600000 -1,000000 -101,000000 0,000000 0,000000
144 1504083813 41,600000 -1,000000 -101,000000 0,000000 0,000000
144 1504083814 38,800000 -1,000000 -101,000000 0,000000 0,000000
144 1504083815 38,800000 -1,000000 -101,000000 0,000000 0,000000
144 1504083816 38,800000 -1,000000 -101,000000 0,000000 0,000000
144 1504083817 38,800000 -1,000000 -101,000000 0,000000 0,000000
144 1504083818 38,800000 -1,000000 -101,000000 0,000000 0,000000
144 1504083819 44,400000 -1,000000 -101,000000 0,000000 0,000000
144 1504083820 44,400000 -1,000000 -101,000000 0,000000 0,000000
144 1504083821 44,400000 -1,000000 -101,000000 0,000000 0,000000
144 1504083822 44,400000 -1,000000 -101,000000 0,000000 0,000000
144 1504083823 44,400000 -1,000000 -101,000000 0,000000 0,000000
144 1504083824 35,600000 -1,000000 -101,000000 0,000000 0,000000
144 1504083825 35,600000 -1,000000 -101,000000 0,000000 0,000000
144 1504083826 35,600000 -1,000000 -101,000000 0,000000 0,000000
144 1504083827 35,600000 -1,000000 -101,000000 0,000000 0,000000
144 1504083828 35,600000 -1,000000 -101,000000 0,000000 0,000000
144 1504083829 39,200000 -1,000000 -101,000000 0,000000 0,000000
144 1504083830 39,200000 -1,000000 -101,000000 0,000000 0,000000
144 1504083831 39,200000 -1,000000 -101,000000 0,000000 0,000000
144 1504083832 39,200000 -1,000000 -101,000000 0,000000 0,000000
144 1504083833 39,200000 -1,000000 -101,000000 0,000000 0,000000
144 1504083834 30,800000 -1,000000 -101,000000 0,000000 0,000000
144 1504083835 30,800000 -1,000000 -101,000000 0,000000 0,000000
144 1504083836 30,800000 -1,000000 -101,000000 0,000000 0,000000
144 1504083837 30,800000 -1,000000 -101,000000 0,000000 0,000000
144 1504083838 30,800000 -1,000000 -101,000000 0,000000 0,000000
144 1504083839 43,800000 -1,000000 -101,000000 0,000000 0,000000
144 1504083840 43,800000 -1,000000 -101,000000 0,000000 0,000000
144 1504083841 43,800000 -1,000000 -101,000000 0,000000 0,000000
144 1504083842 43,800000 -1,000000 -101,000000 0,000000 0,000000
144 1504083843 43,800000 -1,000000 -101,000000 0,000000 0,000000
144 1504083844 38,600000 -1,000000 -101,000000 0,000000 0,000000
144 1504083845 38,600000 -1,000000 -101,000000 0,000000 0,000000
144 1504083846 38,600000 -1,000000 -101,000000 0,000000 0,000000
144 1504083847 38,600000 -1,000000 -101,000000 0,000000 0,000000
144 1504083848 38,600000 -1,000000 -101,000000 0,000000 0,000000
144 1504083849 38,000000 -1,000000 -101,000000 0,000000 0,000000
144 1504083850 38,000000 -1,000000 -101,000000 0,000000 0,000000
144 1504083851 38,000000 -1,000000 -101,000000 0,000000 0,000000
144 1504083852 38,000000 -1,000000 -101,000000 0,000000 0,000000
144 1504083853 38,000000 -1,000000 -101,000000 0,000000 0,000000
149 1504083679 0,200000 -1,000000 -101,000000 0,000000 0,000000
149 1504083680 0,200000 -1,000000 -101,000000 0,000000 0,000000
149 1504083681 0,200000 -1,000000 -101,000000 0,000000 0,000000
149 1504083682 0,200000 -1,000000 -101,000000 0,000000 0,000000
149 1504083683 0,200000 -1,000000 -101,000000 0,000000 0,000000
149 1504083689 0,200000 -1,000000 -101,000000 0,000000 0,000000
149 1504083690 0,200000 -1,000000 -101,000000 0,000000 0,000000
149 1504083691 0,200000 -1,000000 -101,000000 0,000000 0,000000
149 1504083692 0,200000 -1,000000 -101,000000 0,000000 0,000000
149 1504083693 0,200000 -1,000000 -101,000000 0,000000 0,000000
149 1504083704 0,200000 -1,000000 -101,000000 0,000000 0,000000
149 1504083705 0,200000 -1,000000 -101,000000 0,000000 0,000000
149 1504083706 0,200000 -1,000000 -101,000000 0,000000 0,000000
149 1504083707 0,200000 -1,000000 -101,000000 0,000000 0,000000
149 1504083708 0,200000 -1,000000 -101,000000 0,000000 0,000000
149 1504083714 0,200000 -1,000000 -101,000000 0,000000 0,000000
149 1504083715 0,200000 -1,000000 -101,000000 0,000000 0,000000
149 1504083716 0,200000 -1,000000 -101,000000 0,000000 0,000000
149 1504083717 0,200000 -1,000000 -101,000000 0,000000 0,000000
149 1504083718 0,200000 -1,000000 -101,000000 0,000000 0,000000
149 1504083729 0,200000 -1,000000 -101,000000 0,000000 0,000000
149 1504083730 0,200000 -1,000000 -101,000000 0,000000 0,000000
149 1504083731 0,200000 -1,000000 -101,000000 0,000000 0,000000
149 1504083732 0,200000 -1,000000 -101,000000 0,000000 0,000000
149 1504083733 0,200000 -1,000000 -101,000000 0,000000 0,000000
144 1504083854 39,000000 -1,000000 -101,000000 0,000000 0,000000
144 1504083855 39,000000 -1,000000 -101,000000 0,000000 0,000000
144 1504083856 39,000000 -1,000000 -101,000000 0,000000 0,000000
144 1504083857 39,000000 -1,000000 -101,000000 0,000000 0,000000
144 1504083858 39,000000 -1,000000 -101,000000 0,000000 0,000000
144 1504083859 44,600000 -1,000000 -101,000000 0,000000 0,000000
144 1504083860 44,600000 -1,000000 -101,000000 0,000000 0,000000
144 1504083861 44,600000 -1,000000 -101,000000 0,000000 0,000000
144 1504083862 44,600000 -1,000000 -101,000000 0,000000 0,000000
144 1504083863 44,600000 -1,000000 -101,000000 0,000000 0,000000
144 1504083864 33,200000 -1,000000 -101,000000 0,000000 0,000000
144 1504083865 33,200000 -1,000000 -101,000000 0,000000 0,000000
144 1504083866 33,200000 -1,000000 -101,000000 0,000000 0,000000
144 1504083867 33,200000 -1,000000 -101,000000 0,000000 0,000000
144 1504083868 33,200000 -1,000000 -101,000000 0,000000 0,000000
144 1504083869 39,400000 -1,000000 -101,000000 0,000000 0,000000
144 1504083870 39,400000 -1,000000 -101,000000 0,000000 0,000000
144 1504083871 39,400000 -1,000000 -101,000000 0,000000 0,000000
144 1504083872 39,400000 -1,000000 -101,000000 0,000000 0,000000
144 1504083873 39,400000 -1,000000 -101,000000 0,000000 0,000000
144 1504083874 41,800000 -1,000000 -101,000000 0,000000 0,000000
144 1504083875 41,800000 -1,000000 -101,000000 0,000000 0,000000
144 1504083876 41,800000 -1,000000 -101,000000 0,000000 0,000000
144 1504083877 41,800000 -1,000000 -101,000000 0,000000 0,000000
144 1504083878 41,800000 -1,000000 -101,000000 0,000000 0,000000
144 1504083879 38,000000 -1,000000 -101,000000 0,000000 0,000000
144 1504083880 38,000000 -1,000000 -101,000000 0,000000 0,000000
144 1504083881 38,000000 -1,000000 -101,000000 0,000000 0,000000
144 1504083882 38,000000 -1,000000 -101,000000 0,000000 0,000000
144 1504083883 38,000000 -1,000000 -101,000000 0,000000 0,000000
144 1504083884 32,800000 -1,000000 -101,000000 0,000000 0,000000
144 1504083885 32,800000 -1,000000 -101,000000 0,000000 0,000000
144 1504083886 32,800000 -1,000000 -101,000000 0,000000 0,000000
144 1504083887 32,800000 -1,000000 -101,000000 0,000000 0,000000
144 1504083888 32,800000 -1,000000 -101,000000 0,000000 0,000000
144 1504083889 42,200000 -1,000000 -101,000000 0,000000 0,000000
144 1504083890 42,200000 -1,000000 -101,000000 0,000000 0,000000
144 1504083891 42,200000 -1,000000 -101,000000 0,000000 0,000000
144 1504083892 42,200000 -1,000000 -101,000000 0,000000 0,000000
144 1504083893 42,200000 -1,000000 -101,000000 0,000000 0,000000
144 1504083894 39,400000 -1,000000 -101,000000 0,000000 0,000000
144 1504083895 39,400000 -1,000000 -101,000000 0,000000 0,000000
144 1504083896 39,400000 -1,000000 -101,000000 0,000000 0,000000
144 1504083897 39,400000 -1,000000 -101,000000 0,000000 0,000000
144 1504083898 39,400000 -1,000000 -101,000000 0,000000 0,000000
144 1504083899 42,600000 -1,000000 -101,000000 0,000000 0,000000
144 1504083900 42,600000 -1,000000 -101,000000 0,000000 0,000000
144 1504083901 42,600000 -1,000000 -101,000000 0,000000 0,000000
144 1504083902 42,600000 -1,000000 -101,000000 0,000000 0,000000
144 1504083903 42,600000 -1,000000 -101,000000 0,000000 0,000000
144 1504083904 37,400000 -1,000000 -101,000000 0,000000 0,000000
144 1504083905 37,400000 -1,000000 -101,000000 0,000000 0,000000
144 1504083906 37,400000 -1,000000 -101,000000 0,000000 0,000000
144 1504083907 37,400000 -1,000000 -101,000000 0,000000 0,000000
144 1504083908 37,400000 -1,000000 -101,000000 0,000000 0,000000
144 1504083909 40,200000 -1,000000 -101,000000 0,000000 0,000000
144 1504083910 40,200000 -1,000000 -101,000000 0,000000 0,000000
144 1504083911 40,200000 -1,000000 -101,000000 0,000000 0,000000
144 1504083912 40,200000 -1,000000 -101,000000 0,000000 0,000000
144 1504083913 40,200000 -1,000000 -101,000000 0,000000 0,000000
144 1504083914 32,400000 -1,000000 -101,000000 0,000000 0,000000
144 1504083915 32,400000 -1,000000 -101,000000 0,000000 0,000000
144 1504083916 32,400000 -1,000000 -101,000000 0,000000 0,000000
144 1504083917 32,400000 -1,000000 -101,000000 0,000000 0,000000
144 1504083918 32,400000 -1,000000 -101,000000 0,000000 0,000000
144 1504083919 41,000000 -1,000000 -101,000000 0,000000 0,000000
144 1504083920 41,000000 -1,000000 -101,000000 0,000000 0,000000
144 1504083921 41,000000 -1,000000 -101,000000 0,000000 0,000000
144 1504083922 41,000000 -1,000000 -101,000000 0,000000 0,000000
144 1504083923 41,000000 -1,000000 -101,000000 0,000000 0,000000
144 1504083924 42,800000 -1,000000 -101,000000 0,000000 0,000000
144 1504083925 42,800000 -1,000000 -101,000000 0,000000 0,000000
144 1504083926 42,800000 -1,000000 -101,000000 0,000000 0,000000
144 1504083927 42,800000 -1,000000 -101,000000 0,000000 0,000000
144 1504083928 42,800000 -1,000000 -101,000000 0,000000 0,000000
144 1504083929 39,200000 -1,000000 -101,000000 0,000000 0,000000
144 1504083930 39,200000 -1,000000 -101,000000 0,000000 0,000000
144 1504083931 39,200000 -1,000000 -101,000000 0,000000 0,000000
144 1504083932 39,200000 -1,000000 -101,000000 0,000000 0,000000
144 1504083933 39,200000 -1,000000 -101,000000 0,000000 0,000000
144 1504083934 30,400000 -1,000000 -101,000000 0,000000 0,000000
144 1504083935 30,400000 -1,000000 -101,000000 0,000000 0,000000
144 1504083936 30,400000 -1,000000 -101,000000 0,000000 0,000000
144 1504083937 30,400000 -1,000000 -101,000000 0,000000 0,000000
144 1504083938 30,400000 -1,000000 -101,000000 0,000000 0,000000
144 1504083939 43,600000 -1,000000 -101,000000 0,000000 0,000000
144 1504083940 43,600000 -1,000000 -101,000000 0,000000 0,000000
144 1504083941 43,600000 -1,000000 -101,000000 0,000000 0,000000
144 1504083942 43,600000 -1,000000 -101,000000 0,000000 0,000000
144 1504083943 43,600000 -1,000000 -101,000000 0,000000 0,000000
144 1504083944 44,600000 -1,000000 -101,000000 0,000000 0,000000
144 1504083945 44,600000 -1,000000 -101,000000 0,000000 0,000000
144 1504083946 44,600000 -1,000000 -101,000000 0,000000 0,000000
144 1504083947 44,600000 -1,000000 -101,000000 0,000000 0,000000
144 1504083948 44,600000 -1,000000 -101,000000 0,000000 0,000000
144 1504083949 34,800000 -1,000000 -101,000000 0,000000 0,000000
144 1504083950 34,800000 -1,000000 -101,000000 0,000000 0,000000
144 1504083951 34,800000 -1,000000 -101,000000 0,000000 0,000000
144 1504083952 34,800000 -1,000000 -101,000000 0,000000 0,000000
144 1504083953 34,800000 -1,000000 -101,000000 0,000000 0,000000
144 1504083954 42,000000 -1,000000 -101,000000 0,000000 0,000000
144 1504083955 42,000000 -1,000000 -101,000000 0,000000 0,000000
144 1504083956 42,000000 -1,000000 -101,000000 0,000000 0,000000
144 1504083957 42,000000 -1,000000 -101,000000 0,000000 0,000000
144 1504083958 42,000000 -1,000000 -101,000000 0,000000 0,000000
144 1504083959 34,000000 -1,000000 -101,000000 0,000000 0,000000
144 1504083960 34,000000 -1,000000 -101,000000 0,000000 0,000000
144 1504083961 34,000000 -1,000000 -101,000000 0,000000 0,000000
144 1504083962 34,000000 -1,000000 -101,000000 0,000000 0,000000
144 1504083963 34,000000 -1,000000 -101,000000 0,000000 0,000000
144 1504083964 43,600000 -1,000000 -101,000000 0,000000 0,000000
144 1504083965 43,600000 -1,000000 -101,000000 0,000000 0,000000
144 1504083966 43,600000 -1,000000 -101,000000 0,000000 0,000000
144 1504083967 43,600000 -1,000000 -101,000000 0,000000 0,000000
144 1504083968 43,600000 -1,000000 -101,000000 0,000000 0,000000
144 1504083969 40,400000 -1,000000 -101,000000 0,000000 0,000000
144 1504083970 40,400000 -1,000000 -101,000000 0,000000 0,000000
144 1504083971 40,400000 -1,000000 -101,000000 0,000000 0,000000
144 1504083972 40,400000 -1,000000 -101,000000 0,000000 0,000000
144 1504083973 40,400000 -1,000000 -101,000000 0,000000 0,000000
144 1504083974 27,600000 -1,000000 -101,000000 0,000000 0,000000
144 1504083975 27,600000 -1,000000 -101,000000 0,000000 0,000000
144 1504083976 27,600000 -1,000000 -101,000000 0,000000 0,000000
144 1504083977 27,600000 -1,000000 -101,000000 0,000000 0,000000
144 1504083978 27,600000 -1,000000 -101,000000 0,000000 0,000000
144 1504083979 40,800000 -1,000000 -101,000000 0,000000 0,000000
144 1504083980 40,800000 -1,000000 -101,000000 0,000000 0,000000
144 1504083981 40,800000 -1,000000 -101,000000 0,000000 0,000000
144 1504083982 40,800000 -1,000000 -101,000000 0,000000 0,000000
144 1504083983 40,800000 -1,000000 -101,000000 0,000000 0,000000
144 1504083984 41,600000 -1,000000 -101,000000 0,000000 0,000000
144 1504083985 41,600000 -1,000000 -101,000000 0,000000 0,000000
144 1504083986 41,600000 -1,000000 -101,000000 0,000000 0,000000
144 1504083987 41,600000 -1,000000 -101,000000 0,000000 0,000000
144 1504083988 41,600000 -1,000000 -101,000000 0,000000 0,000000
144 1504083989 41,000000 -1,000000 -101,000000 0,000000 0,000000
144 1504083990 41,000000 -1,000000 -101,000000 0,000000 0,000000
144 1504083991 41,000000 -1,000000 -101,000000 0,000000 0,000000
144 1504083992 41,000000 -1,000000 -101,000000 0,000000 0,000000
144 1504083993 41,000000 -1,000000 -101,000000 0,000000 0,000000
144 1504083994 29,200000 -1,000000 -101,000000 0,000000 0,000000
144 1504083995 29,200000 -1,000000 -101,000000 0,000000 0,000000
144 1504083996 29,200000 -1,000000 -101,000000 0,000000 0,000000
144 1504083997 29,200000 -1,000000 -101,000000 0,000000 0,000000
144 1504083998 29,200000 -1,000000 -101,000000 0,000000 0,000000
144 1504083999 38,800000 -1,000000 -101,000000 0,000000 0,000000
144 1504084000 38,800000 -1,000000 -101,000000 0,000000 0,000000
144 1504084001 38,800000 -1,000000 -101,000000 0,000000 0,000000
144 1504084002 38,800000 -1,000000 -101,000000 0,000000 0,000000
144 1504084003 38,800000 -1,000000 -101,000000 0,000000 0,000000
144 1504084004 50,000000 -1,000000 -101,000000 0,000000 0,000000
144 1504084005 50,000000 -1,000000 -101,000000 0,000000 0,000000
144 1504084006 50,000000 -1,000000 -101,000000 0,000000 0,000000
144 1504084007 50,000000 -1,000000 -101,000000 0,000000 0,000000
144 1504084008 50,000000 -1,000000 -101,000000 0,000000 0,000000
144 1504084009 31,400000 -1,000000 -101,000000 0,000000 0,000000
144 1504084010 31,400000 -1,000000 -101,000000 0,000000 0,000000
144 1504084011 31,400000 -1,000000 -101,000000 0,000000 0,000000
144 1504084012 31,400000 -1,000000 -101,000000 0,000000 0,000000
144 1504084013 31,400000 -1,000000 -101,000000 0,000000 0,000000
144 1504084014 36,800000 -1,000000 -101,000000 0,000000 0,000000
144 1504084015 36,800000 -1,000000 -101,000000 0,000000 0,000000
144 1504084016 36,800000 -1,000000 -101,000000 0,000000 0,000000
144 1504084017 36,800000 -1,000000 -101,000000 0,000000 0,000000
144 1504084018 36,800000 -1,000000 -101,000000 0,000000 0,000000
144 1504084019 28,000000 -1,000000 -101,000000 0,000000 0,000000
144 1504084020 28,000000 -1,000000 -101,000000 0,000000 0,000000
144 1504084021 28,000000 -1,000000 -101,000000 0,000000 0,000000
144 1504084022 28,000000 -1,000000 -101,000000 0,000000 0,000000
144 1504084023 28,000000 -1,000000 -101,000000 0,000000 0,000000
144 1504084024 46,000000 -1,000000 -101,000000 0,000000 0,000000
144 1504084025 46,000000 -1,000000 -101,000000 0,000000 0,000000
144 1504084026 46,000000 -1,000000 -101,000000 0,000000 0,000000
144 1504084027 46,000000 -1,000000 -101,000000 0,000000 0,000000
144 1504084028 46,000000 -1,000000 -101,000000 0,000000 0,000000
144 1504084029 42,600000 -1,000000 -101,000000 0,000000 0,000000
144 1504084030 42,600000 -1,000000 -101,000000 0,000000 0,000000
144 1504084031 42,600000 -1,000000 -101,000000 0,000000 0,000000
144 1504084032 42,600000 -1,000000 -101,000000 0,000000 0,000000
144 1504084033 42,600000 -1,000000 -101,000000 0,000000 0,000000
144 1504084034 29,200000 -1,000000 -101,000000 0,000000 0,000000
144 1504084035 29,200000 -1,000000 -101,000000 0,000000 0,000000
144 1504084036 29,200000 -1,000000 -101,000000 0,000000 0,000000
144 1504084037 29,200000 -1,000000 -101,000000 0,000000 0,000000
144 1504084038 29,200000 -1,000000 -101,000000 0,000000 0,000000
144 1504084039 36,800000 -1,000000 -101,000000 0,000000 0,000000
144 1504084040 36,800000 -1,000000 -101,000000 0,000000 0,000000
144 1504084041 36,800000 -1,000000 -101,000000 0,000000 0,000000
144 1504084042 36,800000 -1,000000 -101,000000 0,000000 0,000000
144 1504084043 36,800000 -1,000000 -101,000000 0,000000 0,000000
144 1504084044 27,600000 -1,000000 -101,000000 0,000000 0,000000
144 1504084045 27,600000 -1,000000 -101,000000 0,000000 0,000000
144 1504084046 27,600000 -1,000000 -101,000000 0,000000 0,000000
144 1504084047 27,600000 -1,000000 -101,000000 0,000000 0,000000
144 1504084048 27,600000 -1,000000 -101,000000 0,000000 0,000000
144 1504084049 42,000000 -1,000000 -101,000000 0,000000 0,000000
144 1504084050 42,000000 -1,000000 -101,000000 0,000000 0,000000
144 1504084051 42,000000 -1,000000 -101,000000 0,000000 0,000000
144 1504084052 42,000000 -1,000000 -101,000000 0,000000 0,000000
144 1504084053 42,000000 -1,000000 -101,000000 0,000000 0,000000
144 1504084054 32,200000 -1,000000 -101,000000 0,000000 0,000000
144 1504084055 32,200000 -1,000000 -101,000000 0,000000 0,000000
144 1504084056 32,200000 -1,000000 -101,000000 0,000000 0,000000
144 1504084057 32,200000 -1,000000 -101,000000 0,000000 0,000000
144 1504084058 32,200000 -1,000000 -101,000000 0,000000 0,000000
144 1504084059 18,600000 -1,000000 -101,000000 0,000000 0,000000
144 1504084060 18,600000 -1,000000 -101,000000 0,000000 0,000000
144 1504084061 18,600000 -1,000000 -101,000000 0,000000 0,000000
144 1504084062 18,600000 -1,000000 -101,000000 0,000000 0,000000
144 1504084063 18,600000 -1,000000 -101,000000 0,000000 0,000000
144 1504084064 31,000000 -1,000000 -101,000000 0,000000 0,000000
144 1504084065 31,000000 -1,000000 -101,000000 0,000000 0,000000
144 1504084066 31,000000 -1,000000 -101,000000 0,000000 0,000000
144 1504084067 31,000000 -1,000000 -101,000000 0,000000 0,000000
144 1504084068 31,000000 -1,000000 -101,000000 0,000000 0,000000
144 1504084069 46,600000 -1,000000 -101,000000 0,000000 0,000000
144 1504084070 46,600000 -1,000000 -101,000000 0,000000 0,000000
144 1504084071 46,600000 -1,000000 -101,000000 0,000000 0,000000
144 1504084072 46,600000 -1,000000 -101,000000 0,000000 0,000000
144 1504084073 46,600000 -1,000000 -101,000000 0,000000 0,000000
144 1504084074 31,400000 -1,000000 -101,000000 0,000000 0,000000
144 1504084075 31,400000 -1,000000 -101,000000 0,000000 0,000000
144 1504084076 31,400000 -1,000000 -101,000000 0,000000 0,000000
144 1504084077 31,400000 -1,000000 -101,000000 0,000000 0,000000
144 1504084078 31,400000 -1,000000 -101,000000 0,000000 0,000000
144 1504084079 35,600000 -1,000000 -101,000000 0,000000 0,000000
144 1504084080 35,600000 -1,000000 -101,000000 0,000000 0,000000
144 1504084081 35,600000 -1,000000 -101,000000 0,000000 0,000000
144 1504084082 35,600000 -1,000000 -101,000000 0,000000 0,000000
144 1504084083 35,600000 -1,000000 -101,000000 0,000000 0,000000
144 1504084084 36,600000 -1,000000 -101,000000 0,000000 0,000000
144 1504084085 36,600000 -1,000000 -101,000000 0,000000 0,000000
144 1504084086 36,600000 -1,000000 -101,000000 0,000000 0,000000
144 1504084087 36,600000 -1,000000 -101,000000 0,000000 0,000000
144 1504084088 36,600000 -1,000000 -101,000000 0,000000 0,000000
144 1504084089 40,800000 -1,000000 -101,000000 0,000000 0,000000
144 1504084090 40,800000 -1,000000 -101,000000 0,000000 0,000000
144 1504084091 40,800000 -1,000000 -101,000000 0,000000 0,000000
144 1504084092 40,800000 -1,000000 -101,000000 0,000000 0,000000
144 1504084093 40,800000 -1,000000 -101,000000 0,000000 0,000000
144 1504084094 26,800000 -1,000000 -101,000000 0,000000 0,000000
144 1504084095 26,800000 -1,000000 -101,000000 0,000000 0,000000
144 1504084096 26,800000 -1,000000 -101,000000 0,000000 0,000000
144 1504084097 26,800000 -1,000000 -101,000000 0,000000 0,000000
144 1504084098 26,800000 -1,000000 -101,000000 0,000000 0,000000
144 1504084099 33,400000 -1,000000 -101,000000 0,000000 0,000000
144 1504084100 33,400000 -1,000000 -101,000000 0,000000 0,000000
144 1504084101 33,400000 -1,000000 -101,000000 0,000000 0,000000
144 1504084102 33,400000 -1,000000 -101,000000 0,000000 0,000000
144 1504084103 33,400000 -1,000000 -101,000000 0,000000 0,000000
144 1504084104 35,600000 -1,000000 -101,000000 0,000000 0,000000
144 1504084105 35,600000 -1,000000 -101,000000 0,000000 0,000000
144 1504084106 35,600000 -1,000000 -101,000000 0,000000 0,000000
144 1504084107 35,600000 -1,000000 -101,000000 0,000000 0,000000
144 1504084108 35,600000 -1,000000 -101,000000 0,000000 0,000000
144 1504084109 7,800000 -1,000000 -101,000000 0,000000 0,000000
144 1504084110 7,800000 -1,000000 -101,000000 0,000000 0,000000
144 1504084111 7,800000 -1,000000 -101,000000 0,000000 0,000000
144 1504084112 7,800000 -1,000000 -101,000000 0,000000 0,000000
144 1504084113 7,800000 -1,000000 -101,000000 0,000000 0,000000
144 1504084114 20,800000 -1,000000 -101,000000 0,000000 0,000000
144 1504084115 20,800000 -1,000000 -101,000000 0,000000 0,000000
144 1504084116 20,800000 -1,000000 -101,000000 0,000000 0,000000
144 1504084117 20,800000 -1,000000 -101,000000 0,000000 0,000000
144 1504084118 20,800000 -1,000000 -101,000000 0,000000 0,000000
144 1504084119 39,400000 -1,000000 -101,000000 0,000000 0,000000
144 1504084120 39,400000 -1,000000 -101,000000 0,000000 0,000000
144 1504084121 39,400000 -1,000000 -101,000000 0,000000 0,000000
144 1504084122 39,400000 -1,000000 -101,000000 0,000000 0,000000
144 1504084123 39,400000 -1,000000 -101,000000 0,000000 0,000000
144 1504084124 16,800000 -1,000000 -101,000000 0,000000 0,000000
144 1504084125 16,800000 -1,000000 -101,000000 0,000000 0,000000
144 1504084126 16,800000 -1,000000 -101,000000 0,000000 0,000000
144 1504084127 16,800000 -1,000000 -101,000000 0,000000 0,000000
144 1504084128 16,800000 -1,000000 -101,000000 0,000000 0,000000
144 1504084129 36,400000 -1,000000 -101,000000 0,000000 0,000000
144 1504084130 36,400000 -1,000000 -101,000000 0,000000 0,000000
144 1504084131 36,400000 -1,000000 -101,000000 0,000000 0,000000
144 1504084132 36,400000 -1,000000 -101,000000 0,000000 0,000000
144 1504084133 36,400000 -1,000000 -101,000000 0,000000 0,000000
144 1504084134 28,600000 -1,000000 -101,000000 0,000000 0,000000
144 1504084135 28,600000 -1,000000 -101,000000 0,000000 0,000000
144 1504084136 28,600000 -1,000000 -101,000000 0,000000 0,000000
144 1504084137 28,600000 -1,000000 -101,000000 0,000000 0,000000
144 1504084138 28,600000 -1,000000 -101,000000 0,000000 0,000000
144 1504084139 40,200000 -1,000000 -101,000000 0,000000 0,000000
144 1504084140 40,200000 -1,000000 -101,000000 0,000000 0,000000
144 1504084141 40,200000 -1,000000 -101,000000 0,000000 0,000000
144 1504084142 40,200000 -1,000000 -101,000000 0,000000 0,000000
144 1504084143 40,200000 -1,000000 -101,000000 0,000000 0,000000
144 1504084144 31,000000 -1,000000 -101,000000 0,000000 0,000000
144 1504084145 31,000000 -1,000000 -101,000000 0,000000 0,000000
144 1504084146 31,000000 -1,000000 -101,000000 0,000000 0,000000
144 1504084147 31,000000 -1,000000 -101,000000 0,000000 0,000000
144 1504084148 31,000000 -1,000000 -101,000000 0,000000 0,000000
144 1504084149 32,400000 -1,000000 -101,000000 0,000000 0,000000
144 1504084150 32,400000 -1,000000 -101,000000 0,000000 0,000000
144 1504084151 32,400000 -1,000000 -101,000000 0,000000 0,000000
144 1504084152 32,400000 -1,000000 -101,000000 0,000000 0,000000
144 1504084153 32,400000 -1,000000 -101,000000 0,000000 0,000000
144 1504084154 29,200000 -1,000000 -101,000000 0,000000 0,000000
144 1504084155 29,200000 -1,000000 -101,000000 0,000000 0,000000
144 1504084156 29,200000 -1,000000 -101,000000 0,000000 0,000000
144 1504084157 29,200000 -1,000000 -101,000000 0,000000 0,000000
144 1504084158 29,200000 -1,000000 -101,000000 0,000000 0,000000
144 1504084159 35,400000 -1,000000 -101,000000 0,000000 0,000000
144 1504084160 35,400000 -1,000000 -101,000000 0,000000 0,000000
144 1504084161 35,400000 -1,000000 -101,000000 0,000000 0,000000
144 1504084162 35,400000 -1,000000 -101,000000 0,000000 0,000000
144 1504084163 35,400000 -1,000000 -101,000000 0,000000 0,000000
144 1504084164 39,400000 -1,000000 -101,000000 0,000000 0,000000
144 1504084165 39,400000 -1,000000 -101,000000 0,000000 0,000000
144 1504084166 39,400000 -1,000000 -101,000000 0,000000 0,000000
144 1504084167 39,400000 -1,000000 -101,000000 0,000000 0,000000
144 1504084168 39,400000 -1,000000 -101,000000 0,000000 0,000000
144 1504084169 40,200000 -1,000000 -101,000000 0,000000 0,000000
144 1504084170 40,200000 -1,000000 -101,000000 0,000000 0,000000
144 1504084171 40,200000 -1,000000 -101,000000 0,000000 0,000000
144 1504084172 40,200000 -1,000000 -101,000000 0,000000 0,000000
144 1504084173 40,200000 -1,000000 -101,000000 0,000000 0,000000
144 1504084174 33,200000 -1,000000 -101,000000 0,000000 0,000000
144 1504084175 33,200000 -1,000000 -101,000000 0,000000 0,000000
144 1504084176 33,200000 -1,000000 -101,000000 0,000000 0,000000
144 1504084177 33,200000 -1,000000 -101,000000 0,000000 0,000000
144 1504084178 33,200000 -1,000000 -101,000000 0,000000 0,000000
144 1504084179 32,600000 -1,000000 -101,000000 0,000000 0,000000
144 1504084180 32,600000 -1,000000 -101,000000 0,000000 0,000000
144 1504084181 32,600000 -1,000000 -101,000000 0,000000 0,000000
144 1504084182 32,600000 -1,000000 -101,000000 0,000000 0,000000
144 1504084183 32,600000 -1,000000 -101,000000 0,000000 0,000000
144 1504084184 29,600000 -1,000000 -101,000000 0,000000 0,000000
144 1504084185 29,600000 -1,000000 -101,000000 0,000000 0,000000
144 1504084186 29,600000 -1,000000 -101,000000 0,000000 0,000000
144 1504084187 29,600000 -1,000000 -101,000000 0,000000 0,000000
144 1504084188 29,600000 -1,000000 -101,000000 0,000000 0,000000
144 1504084189 37,200000 -1,000000 -101,000000 0,000000 0,000000
144 1504084190 37,200000 -1,000000 -101,000000 0,000000 0,000000
144 1504084191 37,200000 -1,000000 -101,000000 0,000000 0,000000
144 1504084192 37,200000 -1,000000 -101,000000 0,000000 0,000000
144 1504084193 37,200000 -1,000000 -101,000000 0,000000 0,000000
144 1504084194 43,800000 -1,000000 -101,000000 0,000000 0,000000
144 1504084195 43,800000 -1,000000 -101,000000 0,000000 0,000000
144 1504084196 43,800000 -1,000000 -101,000000 0,000000 0,000000
144 1504084197 43,800000 -1,000000 -101,000000 0,000000 0,000000
144 1504084198 43,800000 -1,000000 -101,000000 0,000000 0,000000
144 1504084199 29,400000 -1,000000 -101,000000 0,000000 0,000000
144 1504084200 29,400000 -1,000000 -101,000000 0,000000 0,000000
144 1504084201 29,400000 -1,000000 -101,000000 0,000000 0,000000
144 1504084202 29,400000 -1,000000 -101,000000 0,000000 0,000000
144 1504084203 29,400000 -1,000000 -101,000000 0,000000 0,000000
144 1504084204 35,800000 -1,000000 -101,000000 0,000000 0,000000
144 1504084205 35,800000 -1,000000 -101,000000 0,000000 0,000000
144 1504084206 35,800000 -1,000000 -101,000000 0,000000 0,000000
144 1504084207 35,800000 -1,000000 -101,000000 0,000000 0,000000
144 1504084208 35,800000 -1,000000 -101,000000 0,000000 0,000000
144 1504084209 34,600000 -1,000000 -101,000000 0,000000 0,000000
144 1504084210 34,600000 -1,000000 -101,000000 0,000000 0,000000
144 1504084211 34,600000 -1,000000 -101,000000 0,000000 0,000000
144 1504084212 34,600000 -1,000000 -101,000000 0,000000 0,000000
144 1504084213 34,600000 -1,000000 -101,000000 0,000000 0,000000
144 1504084214 37,800000 -1,000000 -101,000000 0,000000 0,000000
144 1504084215 37,800000 -1,000000 -101,000000 0,000000 0,000000
144 1504084216 37,800000 -1,000000 -101,000000 0,000000 0,000000
144 1504084217 37,800000 -1,000000 -101,000000 0,000000 0,000000
144 1504084218 37,800000 -1,000000 -101,000000 0,000000 0,000000
144 1504084219 33,200000 -1,000000 -101,000000 0,000000 0,000000
144 1504084220 33,200000 -1,000000 -101,000000 0,000000 0,000000
144 1504084221 33,200000 -1,000000 -101,000000 0,000000 0,000000
144 1504084222 33,200000 -1,000000 -101,000000 0,000000 0,000000
144 1504084223 33,200000 -1,000000 -101,000000 0,000000 0,000000
144 1504084224 38,800000 -1,000000 -101,000000 0,000000 0,000000
144 1504084225 38,800000 -1,000000 -101,000000 0,000000 0,000000
144 1504084226 38,800000 -1,000000 -101,000000 0,000000 0,000000
144 1504084227 38,800000 -1,000000 -101,000000 0,000000 0,000000
144 1504084228 38,800000 -1,000000 -101,000000 0,000000 0,000000
144 1504084229 28,000000 -1,000000 -101,000000 0,000000 0,000000
144 1504084230 28,000000 -1,000000 -101,000000 0,000000 0,000000
144 1504084231 28,000000 -1,000000 -101,000000 0,000000 0,000000
144 1504084232 28,000000 -1,000000 -101,000000 0,000000 0,000000
144 1504084233 28,000000 -1,000000 -101,000000 0,000000 0,000000
144 1504084234 37,000000 -1,000000 -101,000000 0,000000 0,000000
144 1504084235 37,000000 -1,000000 -101,000000 0,000000 0,000000
144 1504084236 37,000000 -1,000000 -101,000000 0,000000 0,000000
144 1504084237 37,000000 -1,000000 -101,000000 0,000000 0,000000
144 1504084238 37,000000 -1,000000 -101,000000 0,000000 0,000000
144 1504084239 38,200000 -1,000000 -101,000000 0,000000 0,000000
144 1504084240 38,200000 -1,000000 -101,000000 0,000000 0,000000
144 1504084241 38,200000 -1,000000 -101,000000 0,000000 0,000000
144 1504084242 38,200000 -1,000000 -101,000000 0,000000 0,000000
144 1504084243 38,200000 -1,000000 -101,000000 0,000000 0,000000
144 1504084244 30,600000 -1,000000 -101,000000 0,000000 0,000000
144 1504084245 30,600000 -1,000000 -101,000000 0,000000 0,000000
144 1504084246 30,600000 -1,000000 -101,000000 0,000000 0,000000
144 1504084247 30,600000 -1,000000 -101,000000 0,000000 0,000000
144 1504084248 30,600000 -1,000000 -101,000000 0,000000 0,000000
144 1504084249 33,800000 -1,000000 -101,000000 0,000000 0,000000
144 1504084250 33,800000 -1,000000 -101,000000 0,000000 0,000000
144 1504084251 33,800000 -1,000000 -101,000000 0,000000 0,000000
144 1504084252 33,800000 -1,000000 -101,000000 0,000000 0,000000
144 1504084253 33,800000 -1,000000 -101,000000 0,000000 0,000000
144 1504084254 34,000000 -1,000000 -101,000000 0,000000 0,000000
144 1504084255 34,000000 -1,000000 -101,000000 0,000000 0,000000
144 1504084256 34,000000 -1,000000 -101,000000 0,000000 0,000000
144 1504084257 34,000000 -1,000000 -101,000000 0,000000 0,000000
144 1504084258 34,000000 -1,000000 -101,000000 0,000000 0,000000
144 1504084259 36,800000 -1,000000 -101,000000 0,000000 0,000000
144 1504084260 36,800000 -1,000000 -101,000000 0,000000 0,000000
144 1504084261 36,800000 -1,000000 -101,000000 0,000000 0,000000
144 1504084262 36,800000 -1,000000 -101,000000 0,000000 0,000000
144 1504084263 36,800000 -1,000000 -101,000000 0,000000 0,000000
144 1504084264 37,600000 -1,000000 -101,000000 0,000000 0,000000
144 1504084265 37,600000 -1,000000 -101,000000 0,000000 0,000000
144 1504084266 37,600000 -1,000000 -101,000000 0,000000 0,000000
144 1504084267 37,600000 -1,000000 -101,000000 0,000000 0,000000
144 1504084268 37,600000 -1,000000 -101,000000 0,000000 0,000000
144 1504084269 36,400000 -1,000000 -101,000000 0,000000 0,000000
144 1504084270 36,400000 -1,000000 -101,000000 0,000000 0,000000
144 1504084271 36,400000 -1,000000 -101,000000 0,000000 0,000000
144 1504084272 36,400000 -1,000000 -101,000000 0,000000 0,000000
144 1504084273 36,400000 -1,000000 -101,000000 0,000000 0,000000
144 1504084274 28,800000 -1,000000 -101,000000 0,000000 0,000000
144 1504084275 28,800000 -1,000000 -101,000000 0,000000 0,000000
144 1504084276 28,800000 -1,000000 -101,000000 0,000000 0,000000
144 1504084277 28,800000 -1,000000 -101,000000 0,000000 0,000000
144 1504084278 28,800000 -1,000000 -101,000000 0,000000 0,000000
144 1504084279 37,200000 -1,000000 -101,000000 0,000000 0,000000
144 1504084280 37,200000 -1,000000 -101,000000 0,000000 0,000000
144 1504084281 37,200000 -1,000000 -101,000000 0,000000 0,000000
144 1504084282 37,200000 -1,000000 -101,000000 0,000000 0,000000
144 1504084283 37,200000 -1,000000 -101,000000 0,000000 0,000000
144 1504084284 28,000000 -1,000000 -101,000000 0,000000 0,000000
144 1504084285 28,000000 -1,000000 -101,000000 0,000000 0,000000
144 1504084286 28,000000 -1,000000 -101,000000 0,000000 0,000000
144 1504084287 28,000000 -1,000000 -101,000000 0,000000 0,000000
144 1504084288 28,000000 -1,000000 -101,000000 0,000000 0,000000
144 1504084289 41,000000 -1,000000 -101,000000 0,000000 0,000000
144 1504084290 41,000000 -1,000000 -101,000000 0,000000 0,000000
144 1504084291 41,000000 -1,000000 -101,000000 0,000000 0,000000
144 1504084292 41,000000 -1,000000 -101,000000 0,000000 0,000000
144 1504084293 41,000000 -1,000000 -101,000000 0,000000 0,000000
144 1504084294 33,400000 -1,000000 -101,000000 0,000000 0,000000
144 1504084295 33,400000 -1,000000 -101,000000 0,000000 0,000000
144 1504084296 33,400000 -1,000000 -101,000000 0,000000 0,000000
144 1504084297 33,400000 -1,000000 -101,000000 0,000000 0,000000
144 1504084298 33,400000 -1,000000 -101,000000 0,000000 0,000000
144 1504084299 36,400000 -1,000000 -101,000000 0,000000 0,000000
144 1504084300 36,400000 -1,000000 -101,000000 0,000000 0,000000
144 1504084301 36,400000 -1,000000 -101,000000 0,000000 0,000000
144 1504084302 36,400000 -1,000000 -101,000000 0,000000 0,000000
144 1504084303 36,400000 -1,000000 -101,000000 0,000000 0,000000
144 1504084366 16,666667 -1,000000 16,666667 16,666667 0,000000
144 1504084365 16,666667 -1,000000 16,666667 16,666667 0,000000
144 1504084364 16,666667 -1,000000 16,666667 16,666667 0,000000
144 1504084363 13,800000 -1,000000 13,800000 13,800000 0,000000
144 1504084362 13,800000 -1,000000 13,800000 13,800000 0,000000
144 1504084361 13,800000 -1,000000 13,800000 13,800000 0,000000
144 1504084360 13,800000 -1,000000 13,800000 13,800000 0,000000
144 1504084359 13,800000 -1,000000 13,800000 13,800000 0,000000
144 1504084358 23,800000 -1,000000 23,800000 23,800000 0,000000
144 1504084357 23,800000 -1,000000 23,800000 23,800000 0,000000
144 1504084356 23,800000 -1,000000 23,800000 23,800000 0,000000
144 1504084355 23,800000 -1,000000 23,800000 23,800000 0,000000
144 1504084354 23,800000 -1,000000 23,800000 23,800000 0,000000
144 1504084353 18,400000 -1,000000 18,400000 18,400000 0,000000
144 1504084352 18,400000 -1,000000 18,400000 18,400000 0,000000
144 1504084351 18,400000 -1,000000 18,400000 18,400000 0,000000
144 1504084350 18,400000 -1,000000 18,400000 18,400000 0,000000
144 1504084349 18,400000 -1,000000 18,400000 18,400000 0,000000
144 1504084348 27,600000 -1,000000 27,600000 27,600000 0,000000
144 1504084347 27,600000 -1,000000 27,600000 27,600000 0,000000
144 1504084346 27,600000 -1,000000 27,600000 27,600000 0,000000
144 1504084345 27,600000 -1,000000 27,600000 27,600000 0,000000
144 1504084344 27,600000 -1,000000 27,600000 27,600000 0,000000
144 1504084343 37,600000 -1,000000 37,600000 37,600000 0,000000
144 1504084342 37,600000 -1,000000 37,600000 37,600000 0,000000
144 1504084341 37,600000 -1,000000 37,600000 37,600000 0,000000
144 1504084340 37,600000 -1,000000 37,600000 37,600000 0,000000
144 1504084339 37,600000 -1,000000 37,600000 37,600000 0,000000
144 1504084338 27,600000 -1,000000 27,600000 27,600000 0,000000
144 1504084337 27,600000 -1,000000 27,600000 27,600000 0,000000
144 1504084336 27,600000 -1,000000 27,600000 27,600000 0,000000
144 1504084335 27,600000 -1,000000 27,600000 27,600000 0,000000
144 1504084334 27,600000 -1,000000 27,600000 27,600000 0,000000
144 1504084333 33,000000 -1,000000 33,000000 33,000000 0,000000
144 1504084332 33,000000 -1,000000 33,000000 33,000000 0,000000
144 1504084331 33,000000 -1,000000 33,000000 33,000000 0,000000
144 1504084330 33,000000 -1,000000 33,000000 33,000000 0,000000
144 1504084329 33,000000 -1,000000 33,000000 33,000000 0,000000
144 1504084328 36,800000 -1,000000 36,800000 36,800000 0,000000
144 1504084327 36,800000 -1,000000 36,800000 36,800000 0,000000
144 1504084326 36,800000 -1,000000 36,800000 36,800000 0,000000
144 1504084325 36,800000 -1,000000 36,800000 36,800000 0,000000
144 1504084324 36,800000 -1,000000 36,800000 36,800000 0,000000
144 1504084323 37,600000 -1,000000 37,600000 37,600000 0,000000
144 1504084322 37,600000 -1,000000 37,600000 37,600000 0,000000
144 1504084321 37,600000 -1,000000 37,600000 37,600000 0,000000
144 1504084320 37,600000 -1,000000 37,600000 37,600000 0,000000
144 1504084319 37,600000 -1,000000 37,600000 37,600000 0,000000
144 1504084318 27,600000 -1,000000 27,600000 27,600000 0,000000
144 1504084317 27,600000 -1,000000 27,600000 27,600000 0,000000
144 1504084316 27,600000 -1,000000 27,600000 27,600000 0,000000
144 1504084315 27,600000 -1,000000 27,600000 27,600000 0,000000
144 1504084314 27,600000 -1,000000 27,600000 27,600000 0,000000
144 1504084313 41,400000 -1,000000 41,400000 41,400000 0,000000
144 1504084312 41,400000 -1,000000 41,400000 41,400000 0,000000
144 1504084311 41,400000 -1,000000 41,400000 41,400000 0,000000
144 1504084310 41,400000 -1,000000 41,400000 41,400000 0,000000
144 1504084309 41,400000 -1,000000 41,400000 41,400000 0,000000
144 1504084308 28,800000 -1,000000 28,800000 28,800000 0,000000
144 1504084307 28,800000 -1,000000 28,800000 28,800000 0,000000
144 1504084306 28,800000 -1,000000 28,800000 28,800000 0,000000
144 1504084305 28,800000 -1,000000 28,800000 28,800000 0,000000
144 1504084304 28,800000 -1,000000 28,800000 28,800000 0,000000
149 1504083963 0,200000 -1,000000 0,200000 0,200000 0,000000
149 1504083962 0,200000 -1,000000 0,200000 0,200000 0,000000
149 1504083961 0,200000 -1,000000 0,200000 0,200000 0,000000
149 1504083960 0,200000 -1,000000 0,200000 0,200000 0,000000
149 1504083959 0,200000 -1,000000 0,200000 0,200000 0,000000
149 1504083948 0,200000 -1,000000 0,200000 0,200000 0,000000
149 1504083947 0,200000 -1,000000 0,200000 0,200000 0,000000
149 1504083946 0,200000 -1,000000 0,200000 0,200000 0,000000
149 1504083945 0,200000 -1,000000 0,200000 0,200000 0,000000
149 1504083944 0,200000 -1,000000 0,200000 0,200000 0,000000
149 1504083938 0,200000 -1,000000 0,200000 0,200000 0,000000
149 1504083937 0,200000 -1,000000 0,200000 0,200000 0,000000
149 1504083936 0,200000 -1,000000 0,200000 0,200000 0,000000
149 1504083935 0,200000 -1,000000 0,200000 0,200000 0,000000
149 1504083934 0,200000 -1,000000 0,200000 0,200000 0,000000
149 1504083923 0,200000 -1,000000 0,200000 0,200000 0,000000
149 1504083922 0,200000 -1,000000 0,200000 0,200000 0,000000
149 1504083921 0,200000 -1,000000 0,200000 0,200000 0,000000
149 1504083920 0,200000 -1,000000 0,200000 0,200000 0,000000
149 1504083919 0,200000 -1,000000 0,200000 0,200000 0,000000
149 1504083913 0,200000 -1,000000 0,200000 0,200000 0,000000
149 1504083912 0,200000 -1,000000 0,200000 0,200000 0,000000
149 1504083911 0,200000 -1,000000 0,200000 0,200000 0,000000
149 1504083910 0,200000 -1,000000 0,200000 0,200000 0,000000
149 1504083909 0,200000 -1,000000 0,200000 0,200000 0,000000
